4971	30	26.53	9.63%
3638	12	15.20	8.90%
2302	10	11.13	3.13%
2301	9	12.02	8.39%
2300	12	11.59	1.15%
3630	18	11.43	18.26%
4961	24	13.48	29.21%
3631	8	12.46	12.40%
4962	12	24.58	34.94%
3632	10	17.71	21.43%
4963	12	10.46	4.28%
3633	12	13.16	3.22%
3634	34	27.85	17.09%
4965	12	14.00	5.56%
2309	7	12.85	16.25%
3635	8	14.13	17.02%
2308	6	11.63	15.65%
3636	10	13.41	9.47%
4967	18	13.60	12.22%
4968	12	11.17	2.31%
2317	22	15.84	17.12%
3649	12	12.74	2.05%
1	24	13.10	30.27%
2316	12	13.55	4.30%
2	24	13.50	29.17%
3	12	15.25	9.02%
5	24	12.70	31.40%
6	12	10.47	4.25%
7	12	11.63	1.03%
4972	12	11.05	2.63%
9	8	10.59	7.20%
4973	12	13.76	4.88%
3643	14	16.20	6.10%
4974	8	12.15	11.52%
4976	8	11.47	9.64%
4977	12	10.93	2.96%
3647	24	26.30	6.39%
4978	11	12.13	3.15%
3660	12	11.01	2.75%
3661	12	11.69	.87%
3662	15	15.48	1.32%
1000	0	12.06	33.51%
2331	15	12.76	6.21%
2330	12	13.79	4.98%
2328	18	13.19	13.37%
2327	8	14.08	16.90%
2325	18	16.14	5.15%
2322	24	18.26	15.95%
4983	6	12.36	17.65%
3653	10	12.40	6.66%
4984	8	14.13	17.03%
3654	12	14.26	6.29%
4985	9	12.90	10.82%
3655	15	12.89	5.85%
4986	18	13.48	12.55%
3656	15	13.27	4.82%
4987	9	12.89	10.82%
3657	18	14.24	10.46%
4988	24	13.93	27.96%
3658	10	10.75	2.09%
2329	12	12.85	2.37%
3659	18	13.27	13.15%
3670	21	13.96	19.54%
3672	12	10.61	3.85%
3673	12	14.60	7.23%
1011	10	12.05	5.68%
1010	12	12.81	2.24%
1008	12	13.88	5.22%
2339	10	15.68	15.78%
1007	10	11.43	3.98%
2338	10	11.07	2.98%
1006	10	11.50	4.17%
2337	10	11.07	2.98%
1005	11	13.16	5.99%
2336	10	11.60	4.45%
2335	7	11.95	13.74%
2334	10	11.16	3.22%
2332	12	13.08	2.99%
3664	18	13.69	11.97%
3666	12	10.86	3.16%
4997	12	11.45	1.52%
3667	22	13.85	22.63%
1009	24	14.57	26.18%
3680	24	14.77	25.64%
3681	14	13.43	1.58%
3682	9	10.50	4.17%
3683	10	11.44	4.01%
3684	7	11.15	11.53%
2353	24	14.78	25.61%
1021	9	11.66	7.40%
2352	18	12.37	15.65%
1020	18	12.13	16.30%
2350	12	13.19	3.29%
1019	8	12.16	11.56%
1018	9	12.35	9.31%
1017	6	10.24	11.77%
2348	18	16.40	4.43%
2345	9	12.00	8.33%
2344	8	12.53	12.57%
1012	12	12.60	1.67%
2343	12	10.92	2.99%
3675	12	10.88	3.11%
3690	7	16.69	26.91%
3691	9	14.73	15.92%
3692	32	26.50	15.28%
3694	12	22.48	29.12%
2364	30	25.60	12.22%
2362	10	14.18	11.62%
2358	6	13.71	21.41%
2356	21	12.77	22.86%
2354	6	11.34	14.84%
1044	12	11.47	1.47%
2375	12	13.36	3.79%
2374	12	11.62	1.07%
2373	12	12.64	1.77%
1041	12	16.51	12.53%
2372	12	11.28	2.00%
1040	12	10.13	5.19%
1038	12	14.33	6.48%
1037	14	15.92	5.34%
2368	14	15.07	2.98%
2366	10	11.18	3.29%
1034	18	15.99	5.59%
2365	12	12.66	1.84%
3698	6	10.50	12.50%
1055	10	11.73	4.80%
2386	12	12.89	2.48%
1054	14	17.91	10.87%
1053	17	13.77	8.98%
2384	24	13.58	28.94%
2383	12	13.42	3.94%
2382	12	12.43	1.18%
1050	22	15.74	17.38%
2381	10	12.38	6.61%
1049	12	11.41	1.63%
2379	12	13.41	3.93%
2378	12	10.86	3.16%
1046	28	13.80	39.43%
2377	12	12.68	1.88%
2376	12	14.29	6.35%
1066	14	14.24	.66%
1065	12	11.00	2.78%
1064	10	11.18	3.29%
1063	14	13.91	.24%
1062	10	11.43	3.97%
1060	12	10.73	3.51%
2391	18	14.18	10.62%
2390	6	14.91	24.74%
11108	10	12.83	7.87%
12439	12	11.21	2.19%
1059	14	12.05	5.41%
1057	18	15.71	6.35%
2388	8	12.83	13.43%
1056	18	15.75	6.25%
2387	10	12.72	7.54%
11100	11	16.22	14.49%
11103	10	10.90	2.51%
11106	10	12.30	6.40%
11105	12	12.43	1.19%
12440	10	12.93	8.13%
1077	6	12.56	18.23%
1076	6	10.66	12.94%
1075	12	11.16	2.33%
1074	18	13.16	13.45%
1071	10	11.55	4.31%
1070	12	11.78	.60%
12449	14	13.38	1.74%
1069	12	11.30	1.95%
1068	12	10.64	3.78%
1067	10	11.91	5.30%
12443	16	13.35	7.35%
11110	6	15.94	27.60%
12444	21	17.07	10.92%
12441	10	11.04	2.90%
11112	18	14.57	9.54%
12442	18	14.11	10.80%
11115	8	11.73	10.36%
12447	12	14.43	6.74%
12448	10	11.68	4.67%
11117	10	10.65	1.80%
12445	11	12.92	5.34%
11116	10	10.79	2.19%
12446	8	11.38	9.40%
9800	12	13.97	5.46%
1088	8	11.60	9.99%
1086	12	16.51	12.52%
1085	12	12.74	2.06%
1084	8	11.21	8.91%
1078	9	13.55	12.64%
12414	13	13.82	2.28%
12415	6	11.16	14.35%
12412	12	12.04	.12%
12413	10	15.85	16.24%
1091	16	16.31	.86%
1090	22	16.74	14.61%
9810	12	12.86	2.38%
9811	24	14.42	26.62%
1098	14	13.10	2.50%
9804	8	11.02	8.39%
9801	9	13.00	11.11%
9802	12	13.08	2.99%
12420	6	13.67	21.31%
9807	18	14.59	9.47%
12425	12	13.83	5.08%
9808	18	13.84	11.54%
12423	12	14.09	5.82%
9806	18	12.81	14.41%
12424	16	11.43	12.69%
9821	30	14.83	42.14%
9822	6	10.82	13.40%
9820	10	11.99	5.52%
9814	18	13.11	13.58%
9815	10	13.56	9.89%
9812	10	13.33	9.26%
9818	10	14.01	11.14%
8502	18	10.77	20.07%
8500	12	11.60	1.11%
12407	9	10.96	5.44%
12408	15	14.36	1.77%
200	12	11.79	.60%
12405	6	11.01	13.92%
12406	12	13.47	4.09%
205	6	13.75	21.53%
206	12	12.81	2.25%
9826	18	12.87	14.24%
209	12	12.00	.00%
12403	12	12.48	1.34%
12404	8	14.57	18.24%
9827	8	10.72	7.56%
12402	9	11.04	5.67%
8512	12	10.91	3.01%
9843	10	12.19	6.09%
8513	18	13.78	11.74%
8510	18	13.30	13.06%
9842	12	13.48	4.12%
210	12	14.89	8.03%
211	8	11.01	8.36%
212	12	21.54	26.49%
215	6	11.64	15.67%
8505	18	11.00	19.44%
9836	7	11.64	12.89%
9837	8	13.07	14.07%
8503	12	11.38	1.74%
8504	24	13.33	29.64%
9835	8	11.17	8.81%
8509	18	14.10	10.83%
8507	12	11.48	1.43%
9838	30	14.85	42.09%
8508	12	11.42	1.61%
9850	14	10.95	8.48%
9851	10	11.15	3.19%
9852	8	10.87	7.96%
8522	12	14.31	6.43%
9853	8	10.24	6.22%
222	12	11.52	1.34%
225	12	13.19	3.30%
226	18	12.47	15.36%
227	24	13.78	28.38%
8516	14	15.30	3.61%
9847	12	13.79	4.97%
8517	12	10.31	4.70%
9848	12	12.57	1.57%
8514	18	13.54	12.39%
8515	8	10.72	7.57%
9846	12	14.05	5.70%
8518	14	12.49	4.18%
8530	12	10.95	2.93%
9861	8	12.61	12.81%
8531	18	21.58	9.94%
12392	12	11.47	1.46%
7200	12	10.72	3.54%
11061	8	13.78	16.05%
12390	16	12.12	10.77%
7202	12	13.14	3.18%
9865	12	16.14	11.51%
11063	16	13.66	6.49%
7201	12	10.94	2.95%
9866	17	13.86	8.73%
7204	12	10.92	3.01%
8532	12	15.88	10.77%
11065	30	15.96	38.99%
7203	12	10.74	3.51%
8533	12	14.56	7.11%
238	12	12.40	1.10%
9858	8	13.00	13.89%
11067	10	11.67	4.63%
11066	12	14.30	6.40%
8525	12	12.98	2.71%
11069	6	13.94	22.07%
8526	8	9.87	5.20%
9857	12	11.31	1.91%
11068	6	10.86	13.50%
8529	12	13.02	2.84%
11070	6	11.57	15.48%
9873	12	13.66	4.60%
7211	24	12.99	30.59%
9870	22	16.26	15.94%
7210	24	13.47	29.26%
8540	12	14.53	7.02%
8545	12	15.95	10.97%
11074	30	22.10	21.93%
11073	7	12.48	15.23%
11076	12	10.96	2.89%
8544	26	15.25	29.85%
245	12	13.55	4.31%
247	6	10.48	12.45%
248	13	13.00	.00%
249	12	16.45	12.35%
8538	12	19.55	20.97%
9869	12	13.02	2.84%
11078	24	19.59	12.24%
7205	18	12.64	14.88%
8539	12	11.23	2.14%
11077	30	24.32	15.79%
7208	18	17.76	.66%
8536	24	11.41	34.98%
7207	12	10.82	3.28%
8537	24	14.00	27.78%
9868	12	13.42	3.94%
7209	30	15.89	39.18%
8552	8	14.73	18.69%
9883	18	13.60	12.22%
8553	14	11.76	6.21%
9884	15	10.57	12.31%
7222	9	16.27	20.20%
8550	6	13.52	20.90%
7221	18	15.88	5.90%
8551	14	11.30	7.51%
9882	12	10.32	4.66%
7224	12	13.63	4.54%
9887	6	10.25	11.81%
11041	12	12.54	1.50%
7223	12	12.01	.03%
8557	12	13.03	2.87%
9888	12	10.29	4.75%
11040	14	14.00	.00%
7226	18	13.39	12.80%
11043	10	11.81	5.02%
7225	12	12.86	2.38%
8555	30	17.08	35.88%
9886	7	11.89	13.59%
9880	12	10.27	4.81%
251	24	22.04	5.46%
255	10	13.47	9.64%
256	12	13.68	4.67%
257	6	13.61	21.15%
258	9	11.66	7.39%
259	18	14.79	8.92%
11045	12	12.70	1.94%
12377	10	13.01	8.36%
12378	34	11.10	63.62%
7219	24	17.00	19.44%
8547	8	11.62	10.06%
9878	12	12.13	.36%
11047	24	11.63	34.37%
12375	12	11.85	.42%
8548	8	11.37	9.35%
9879	18	13.01	13.86%
11046	12	10.49	4.20%
12376	16	13.74	6.27%
12379	12	11.28	1.99%
7231	18	13.38	12.82%
8563	24	13.61	28.85%
9894	10	12.83	7.86%
9895	24	14.13	27.43%
7233	12	14.12	5.88%
7232	12	13.00	2.78%
9893	24	22.10	5.27%
9898	12	12.41	1.13%
11052	10	11.02	2.84%
12384	15	13.06	5.40%
8568	15	13.46	4.27%
11051	12	13.36	3.79%
7236	14	13.59	1.13%
8566	15	11.14	10.72%
9897	6	13.78	21.62%
11053	10	14.46	12.39%
12383	15	12.38	7.29%
261	9	13.43	12.29%
262	32	11.60	56.67%
265	12	10.98	2.84%
266	18	13.66	12.07%
267	18	15.73	6.31%
11056	32	22.32	26.88%
12389	8	10.95	8.19%
8558	12	13.47	4.09%
9889	12	13.68	4.67%
12386	12	11.57	1.18%
11057	12	10.98	2.84%
12387	12	11.00	2.78%
11059	12	16.25	11.80%
7242	20	13.38	18.38%
8574	18	11.33	18.54%
7241	19	17.66	3.73%
8572	12	12.78	2.16%
7243	11	13.33	6.46%
7246	12	13.71	4.76%
8578	12	14.00	5.56%
12351	18	11.87	17.02%
7245	11	12.73	4.80%
8579	18	15.84	6.00%
7248	9	10.67	4.63%
8576	24	13.01	30.52%
7247	12	12.76	2.12%
12350	12	14.82	7.84%
8570	12	14.83	7.87%
272	8	13.59	15.51%
277	6	12.64	18.45%
12355	22	13.04	24.90%
11022	9	11.22	6.16%
12356	18	16.32	4.66%
11025	12	13.27	3.53%
11024	24	16.37	21.19%
12354	18	13.73	11.85%
11027	8	11.98	11.05%
11026	10	16.10	16.95%
11029	12	17.18	14.38%
11028	10	12.33	6.48%
7253	7	10.64	10.10%
7252	9	11.21	6.15%
8586	12	13.47	4.07%
8583	12	12.19	.53%
7254	10	11.44	4.00%
8584	12	11.27	2.03%
11030	24	12.78	31.17%
7259	18	13.59	12.25%
11032	24	12.98	30.61%
12360	30	12.26	49.28%
7258	12	22.25	28.47%
8588	12	13.11	3.08%
11031	14	11.02	8.27%
12361	12	11.55	1.24%
280	24	11.35	35.15%
281	24	11.69	34.19%
282	9	11.10	5.84%
283	12	14.17	6.03%
8582	14	11.03	8.25%
284	11	13.94	8.18%
7251	10	10.78	2.17%
285	12	11.25	2.09%
7250	10	11.08	3.01%
8580	24	13.74	28.49%
288	24	13.23	29.91%
289	19	16.48	7.01%
11034	10	12.22	6.18%
7249	12	13.19	3.32%
11033	18	10.93	19.64%
12364	12	12.45	1.26%
11039	19	13.49	15.29%
7264	8	14.33	17.59%
8596	9	12.02	8.39%
7263	18	11.15	19.03%
8597	12	10.53	4.09%
7266	12	14.99	8.30%
7265	9	16.44	20.66%
7268	12	12.32	.90%
7267	6	14.17	22.69%
8598	10	12.16	5.99%
292	12	12.47	1.30%
293	6	12.12	16.99%
7260	16	18.55	7.09%
8592	12	12.98	2.72%
294	14	12.21	4.98%
295	20	13.00	19.44%
7262	8	12.77	13.24%
297	15	10.89	11.43%
298	12	13.99	5.52%
11008	10	13.36	9.33%
11001	18	17.54	1.29%
11000	14	13.66	.95%
12334	12	13.34	3.74%
11003	8	13.30	14.72%
11002	6	13.28	20.22%
11005	24	26.06	5.73%
11007	12	12.96	2.68%
12335	12	10.60	3.89%
11006	24	21.30	7.50%
7274	8	11.14	8.73%
7277	18	12.63	14.93%
7276	12	11.25	2.08%
7279	18	12.40	15.56%
7278	12	10.42	4.38%
12341	18	13.33	12.98%
12344	12	10.73	3.53%
11011	12	12.78	2.16%
11014	17	13.09	10.85%
11013	30	15.21	41.08%
11016	18	12.50	15.28%
11015	18	13.69	11.98%
11018	12	24.28	34.10%
7288	12	13.83	5.08%
7280	12	12.70	1.94%
7282	8	10.78	7.72%
7281	12	12.70	1.94%
7283	24	12.43	32.15%
7296	12	11.99	.03%
7291	12	12.87	2.42%
7290	24	13.62	28.82%
7292	9	10.33	3.69%
7295	9	10.14	3.18%
7294	8	11.78	10.49%
3709	9	13.44	12.32%
3701	10	11.79	4.98%
3703	12	12.70	1.93%
3715	29	12.94	44.61%
3718	12	12.06	.18%
3719	12	14.89	8.02%
3710	12	13.82	5.06%
3713	29	13.60	42.78%
3714	18	13.72	11.88%
3720	18	14.25	10.42%
3721	12	12.91	2.51%
3722	12	12.98	2.72%
3723	18	12.75	14.58%
3724	12	12.60	1.66%
11081	16	12.01	11.08%
11080	6	12.70	18.61%
11083	8	10.46	6.83%
11082	12	12.11	.31%
11085	10	13.94	10.94%
11084	10	11.76	4.89%
3738	24	26.61	7.25%
3739	10	11.68	4.66%
3731	12	10.75	3.46%
2409	14	14.13	.37%
3733	18	15.97	5.63%
3734	8	10.15	5.99%
3735	12	16.70	13.06%
3736	10	12.09	5.79%
11092	12	10.81	3.31%
3750	12	12.84	2.33%
11090	7	10.76	10.43%
3748	12	13.80	5.00%
2413	12	11.90	.29%
3740	12	13.73	4.80%
3742	8	11.07	8.54%
3744	24	21.96	5.66%
3746	17	13.60	9.45%
2417	18	14.20	10.56%
3747	12	15.82	10.62%
3759	12	12.25	.70%
2426	9	13.62	12.85%
3752	14	14.12	.34%
3753	8	11.03	8.42%
3755	12	13.11	3.08%
3756	12	10.94	2.94%
2429	12	14.65	7.35%
3757	12	13.18	3.28%
3758	9	12.05	8.46%
3772	12	11.15	2.37%
1110	7	10.87	10.75%
1107	18	12.21	16.07%
1106	12	13.27	3.53%
1105	18	12.10	16.38%
2436	10	10.72	2.01%
1104	30	10.93	52.98%
2435	12	11.17	2.30%
2434	12	12.38	1.04%
1102	30	17.00	36.11%
2433	7	13.68	18.56%
2432	29	13.42	43.27%
2431	10	12.24	6.22%
3762	12	12.80	2.22%
3763	10	13.31	9.20%
3765	9	14.14	14.28%
3767	12	11.77	.64%
1109	12	11.29	1.96%
3780	8	13.18	14.39%
3781	18	13.27	13.13%
3783	6	10.77	13.24%
1120	6	10.91	13.65%
2451	6	11.61	15.60%
2450	12	10.87	3.15%
2449	12	10.87	3.15%
2447	18	13.01	13.85%
1115	8	11.91	10.85%
2446	12	13.76	4.90%
1114	24	13.96	27.90%
1113	7	13.95	19.32%
2444	12	12.00	.00%
2443	12	12.39	1.07%
2442	8	11.12	8.67%
3794	12	13.13	3.14%
1131	13	12.56	1.22%
1130	12	10.67	3.69%
1129	9	12.48	9.66%
1126	24	26.44	6.79%
2457	18	17.92	.23%
2456	24	13.62	28.84%
1123	12	10.93	2.96%
1122	8	11.82	10.61%
2453	24	12.40	32.23%
3785	6	11.41	15.02%
3787	8	11.73	10.35%
3789	18	11.70	17.50%
2474	6	11.45	15.14%
2473	6	11.01	13.92%
2472	12	13.26	3.49%
1135	7	14.17	19.91%
3799	6	11.06	14.06%
2485	24	13.94	27.94%
1153	7	11.38	12.17%
2483	12	13.81	5.02%
1151	8	11.44	9.56%
1150	8	11.53	9.80%
2481	12	12.53	1.48%
2480	6	13.67	21.31%
2478	10	11.57	4.35%
1146	18	12.57	15.07%
2476	9	13.36	12.10%
2496	18	11.31	18.59%
1164	30	26.32	10.23%
2495	9	11.28	6.34%
2494	18	10.90	19.72%
1162	17	11.38	15.62%
2491	12	10.48	4.21%
2490	12	13.18	3.28%
1159	14	11.31	7.48%
1158	15	11.70	9.17%
2489	12	14.11	5.85%
1157	12	13.94	5.40%
2488	12	12.60	1.65%
2487	12	12.94	2.61%
2486	24	14.13	27.42%
1176	7	11.96	13.77%
1174	12	13.07	2.96%
1172	19	12.82	17.16%
1171	8	10.35	6.54%
1170	16	14.85	3.18%
1169	24	26.44	6.79%
1168	11	12.82	5.06%
2499	24	15.02	24.94%
1167	7	12.11	14.21%
2498	24	13.24	29.90%
1166	13	13.07	.18%
2497	18	11.13	19.08%
12550	12	14.00	5.56%
1183	10	13.99	11.08%
1180	10	13.88	10.78%
11229	12	12.21	.59%
11228	12	10.91	3.01%
12553	8	11.96	11.00%
11220	14	15.43	3.98%
12554	10	13.32	9.23%
11223	15	13.44	4.34%
12551	7	10.92	10.90%
12552	8	14.20	17.21%
12557	6	10.55	12.64%
11224	12	13.91	5.31%
11227	18	14.33	10.20%
11226	12	13.08	2.99%
12556	24	10.39	37.81%
1190	14	15.65	4.59%
9910	24	10.81	36.64%
11230	9	16.73	21.48%
1197	24	13.71	28.57%
1196	12	13.28	3.55%
1195	24	12.16	32.89%
1194	12	13.24	3.43%
1193	12	10.46	4.27%
11239	9	12.33	9.25%
9908	11	10.97	.09%
9902	12	11.41	1.63%
9903	12	11.61	1.08%
11234	9	12.13	8.70%
11233	12	12.02	.06%
11236	24	15.23	24.35%
11235	12	13.23	3.42%
9904	24	12.67	31.48%
11207	12	14.02	5.62%
12539	12	12.68	1.88%
9919	12	11.14	2.38%
12537	14	11.52	6.90%
11208	8	13.72	15.90%
1199	12	16.07	11.31%
9913	16	14.65	3.74%
11201	12	13.98	5.49%
11200	12	11.73	.75%
12530	12	11.75	.69%
9917	9	11.07	5.76%
11203	12	17.16	14.34%
12535	10	11.38	3.85%
11202	12	14.10	5.82%
12536	12	11.03	2.69%
11205	12	18.45	17.91%
12533	24	14.12	27.43%
9916	15	13.82	3.29%
8600	6	10.57	12.69%
8601	12	11.16	2.34%
9932	10	12.82	7.82%
11217	7	10.43	9.52%
301	19	13.98	13.96%
302	15	11.03	11.02%
305	24	13.97	27.87%
11210	20	14.86	14.27%
306	24	14.15	27.35%
11212	18	14.85	8.74%
12540	12	14.34	6.51%
11211	16	13.76	6.22%
12541	12	14.64	7.34%
9928	12	13.72	4.78%
11214	9	13.60	12.77%
11213	13	12.75	.70%
9927	15	11.42	9.95%
11215	9	12.91	10.86%
8611	14	15.21	3.37%
12517	6	11.75	15.98%
12518	6	12.18	17.17%
12515	7	13.02	16.73%
12516	9	11.90	8.06%
12519	7	13.04	16.78%
317	12	24.67	35.19%
12510	18	14.21	10.53%
318	24	14.40	26.67%
8602	7	11.26	11.84%
9933	15	11.63	9.37%
9934	12	12.96	2.66%
12514	24	14.33	26.86%
9937	14	11.14	7.95%
12511	24	14.12	27.44%
12512	18	13.92	11.33%
9953	12	13.03	2.87%
9954	18	13.86	11.51%
8620	24	14.18	27.26%
8621	22	13.18	24.49%
320	24	12.74	31.29%
12529	12	12.84	2.33%
321	12	12.78	2.15%
12526	12	11.61	1.09%
322	12	13.67	4.64%
12527	8	14.04	16.79%
324	9	10.35	3.76%
325	12	13.48	4.10%
326	12	13.01	2.81%
12520	7	13.17	17.13%
8616	12	11.05	2.63%
9947	24	14.60	26.10%
12521	12	10.18	5.05%
329	12	13.74	4.83%
8613	14	10.72	9.10%
9944	12	12.65	1.80%
9945	12	11.06	2.61%
12524	8	11.18	8.84%
12525	12	12.08	.23%
8617	18	13.36	12.90%
9948	12	13.74	4.84%
12522	12	10.49	4.18%
8618	24	12.80	31.10%
12523	10	10.29	.81%
8630	13	11.67	3.68%
9961	12	14.78	7.71%
8633	18	21.68	10.22%
9964	12	10.78	3.38%
7300	18	11.21	18.87%
8634	18	14.24	10.46%
9965	24	16.81	19.96%
9962	9	11.04	5.67%
8632	12	10.48	4.21%
9963	18	12.90	14.15%
330	12	10.99	2.81%
331	12	13.87	5.19%
332	12	11.96	.12%
333	12	12.83	2.30%
336	12	12.12	.33%
337	12	13.16	3.24%
338	18	11.98	16.73%
8626	12	13.21	3.35%
9957	12	15.19	8.86%
8627	21	17.88	8.68%
9958	12	16.20	11.65%
8624	12	12.12	.33%
9955	12	13.67	4.63%
9956	6	11.82	16.17%
9959	12	13.84	5.12%
8629	15	13.39	4.47%
9971	8	12.25	11.81%
8641	18	11.78	17.28%
9972	12	12.57	1.60%
7310	24	14.37	26.74%
9975	12	10.52	4.12%
7311	12	12.28	.78%
8642	12	12.37	1.02%
9973	14	13.58	1.17%
7313	12	15.24	9.01%
9974	12	13.59	4.40%
340	12	11.79	.58%
341	10	10.39	1.07%
12506	12	14.62	7.28%
342	12	11.62	1.05%
12504	12	13.21	3.36%
344	10	10.77	2.15%
12505	24	13.47	29.26%
346	12	11.21	2.20%
347	12	10.80	3.34%
12508	6	11.36	14.90%
348	12	12.09	.24%
7305	12	11.34	1.82%
9968	22	13.83	22.70%
7304	18	11.47	18.13%
7307	10	12.91	8.09%
9966	9	12.51	9.75%
7306	6	10.65	12.91%
9967	12	13.17	3.25%
7309	10	13.40	9.44%
12502	6	11.85	16.24%
7308	10	12.40	6.67%
12503	34	11.15	63.47%
12500	6	10.48	12.44%
12501	6	10.26	11.83%
9982	18	13.95	11.26%
11180	12	10.39	4.47%
9983	12	10.24	4.89%
9980	12	11.37	1.76%
7320	8	13.87	16.30%
8650	12	12.78	2.16%
9981	12	12.40	1.11%
7323	12	11.02	2.72%
8655	8	11.65	10.14%
11184	12	10.61	3.87%
8656	8	11.49	9.69%
11183	12	15.99	11.08%
7325	18	11.35	18.47%
9984	12	16.29	11.93%
11186	18	14.08	10.89%
7324	12	10.98	2.83%
9985	12	13.07	2.96%
350	12	11.43	1.59%
351	12	12.11	.29%
352	12	11.44	1.56%
353	10	13.53	9.80%
354	12	11.01	2.75%
355	14	12.11	5.25%
356	10	11.90	5.28%
357	12	11.41	1.64%
358	10	11.11	3.09%
359	14	11.63	6.59%
7316	16	13.08	8.12%
11188	6	11.64	15.65%
7318	12	13.73	4.82%
8646	15	11.21	10.52%
9978	34	22.10	33.05%
11189	24	13.72	28.54%
7319	12	12.64	1.77%
11	12	14.55	7.09%
7330	10	11.16	3.22%
9993	9	12.05	8.46%
12	12	12.93	2.60%
9994	12	13.56	4.32%
11190	12	12.56	1.56%
6001	10	13.22	8.94%
7332	30	11.90	50.27%
8660	20	17.77	6.18%
9991	13	13.49	1.36%
11193	12	11.39	1.71%
6000	14	13.49	1.40%
9992	13	13.81	2.24%
6003	12	12.72	2.00%
8666	15	14.35	1.81%
9997	8	11.67	10.19%
11195	12	12.67	1.86%
6002	24	14.93	25.19%
7333	22	24.78	7.73%
8667	6	10.81	13.35%
9998	9	10.55	4.32%
11194	18	11.09	19.21%
17	30	26.50	9.72%
6005	14	10.88	8.68%
7336	12	13.67	4.63%
9995	17	12.36	12.90%
7335	10	12.94	8.18%
8665	16	11.18	13.40%
9996	10	12.45	6.79%
11196	7	13.34	17.61%
19	14	13.43	1.60%
360	14	11.89	5.86%
9990	12	13.18	3.27%
361	12	11.02	2.72%
362	12	11.69	.85%
365	14	12.42	4.40%
7327	10	10.92	2.57%
7326	8	15.36	20.44%
11198	13	13.74	2.05%
7328	8	13.33	14.81%
21	12	10.99	2.81%
22	14	14.30	.84%
12490	18	12.16	16.21%
12491	18	13.08	13.66%
6012	9	13.19	11.65%
7343	12	11.22	2.16%
25	12	14.22	6.18%
6011	22	14.07	22.03%
26	10	11.32	3.67%
8677	29	10.86	50.39%
11162	7	11.31	11.97%
12494	12	13.64	4.55%
27	12	21.63	26.75%
8678	18	22.21	11.69%
11161	10	11.03	2.86%
12495	12	13.13	3.15%
28	12	15.17	8.81%
7347	12	12.06	.18%
12492	24	13.72	28.56%
7346	12	11.73	.75%
8676	12	13.66	4.60%
11163	12	10.65	3.76%
8670	24	11.11	35.81%
373	26	25.60	1.11%
374	10	10.92	2.57%
12498	12	12.30	.84%
7337	13	13.72	2.01%
12499	6	10.99	13.86%
8668	14	13.86	.39%
9999	11	14.18	8.84%
11168	15	13.53	4.07%
12496	12	14.00	5.56%
11167	12	13.74	4.84%
12497	12	12.21	.58%
11169	12	13.71	4.75%
31	18	13.50	12.50%
6021	6	10.32	12.01%
6020	8	16.38	23.28%
7351	15	13.52	4.12%
6023	12	11.01	2.75%
11171	12	11.34	1.82%
36	24	11.46	34.85%
6022	6	11.59	15.53%
11170	12	11.95	.14%
37	12	13.24	3.46%
6025	12	10.93	2.96%
8688	16	14.41	4.43%
38	7	12.90	16.39%
6024	16	11.32	13.01%
8689	15	16.52	4.22%
7358	6	11.60	15.54%
11175	12	14.05	5.70%
7357	6	10.65	12.91%
381	10	11.62	4.49%
382	30	21.47	23.70%
383	10	12.63	7.31%
384	10	11.89	5.25%
386	12	13.31	3.64%
387	10	13.45	9.59%
388	12	13.15	3.18%
389	10	12.23	6.20%
7349	18	13.57	12.30%
11177	12	12.74	2.07%
7348	16	14.90	3.04%
6019	12	12.65	1.79%
11178	12	10.78	3.38%
42	12	12.84	2.35%
44	9	17.27	22.97%
6032	10	10.59	1.63%
8695	19	22.39	9.42%
8696	12	11.30	1.95%
6034	10	12.76	7.65%
8693	10	15.00	13.89%
47	24	25.21	3.36%
6033	11	10.72	.77%
8694	14	17.54	9.82%
48	15	16.04	2.90%
8699	12	11.97	.09%
11140	12	12.06	.18%
12472	8	13.43	15.08%
49	10	10.74	2.05%
6035	10	14.16	11.56%
12473	12	12.01	.03%
8697	12	14.40	6.67%
11142	13	13.08	.21%
8698	24	12.59	31.70%
12471	12	12.91	2.53%
392	7	12.35	14.86%
8691	22	13.87	22.60%
394	24	26.17	6.02%
6030	18	13.27	13.14%
395	24	22.24	4.89%
8690	24	13.60	28.89%
396	12	12.62	1.72%
397	12	12.74	2.05%
399	10	13.99	11.08%
6029	10	11.04	2.90%
11144	12	13.81	5.04%
12476	10	11.55	4.31%
12477	18	13.39	12.80%
12474	18	13.20	13.33%
11145	15	11.25	10.42%
12475	12	10.78	3.39%
51	30	13.27	46.46%
52	12	12.08	.21%
53	10	11.31	3.63%
12479	12	12.77	2.15%
6043	12	13.65	4.60%
7374	10	11.44	4.00%
56	8	10.97	8.25%
6042	12	11.88	.32%
7373	10	10.86	2.40%
12480	8	10.31	6.42%
57	12	11.29	1.98%
6045	17	10.52	17.99%
58	12	11.76	.66%
6044	8	13.12	14.23%
7375	10	17.54	20.95%
59	12	10.52	4.11%
12483	12	10.78	3.39%
11150	15	11.25	10.42%
12484	15	13.26	4.84%
12481	12	12.78	2.18%
6048	16	14.21	4.96%
7379	18	11.89	16.98%
12482	6	12.34	17.62%
6041	6	11.47	15.19%
7372	18	14.08	10.90%
7371	30	17.93	33.53%
11155	24	13.53	29.09%
12487	7	14.77	21.57%
6039	6	11.51	15.29%
12485	15	13.96	2.90%
11156	15	11.06	10.94%
12486	12	10.87	3.14%
11158	18	15.79	6.13%
65	12	12.54	1.51%
6054	15	10.85	11.53%
6053	12	13.20	3.33%
7384	12	14.88	8.01%
68	8	10.72	7.57%
6056	6	11.47	15.19%
7387	12	13.28	3.56%
6055	24	17.99	16.71%
6058	6	10.33	12.02%
12450	11	12.43	3.96%
6057	7	13.95	19.30%
7388	12	13.03	2.87%
12451	7	12.62	15.61%
11120	12	11.12	2.45%
6059	12	12.70	1.95%
6050	10	16.29	17.46%
7380	18	13.70	11.93%
6052	12	13.81	5.02%
6051	30	25.67	12.04%
7382	12	10.60	3.89%
11121	18	11.21	18.87%
11124	12	11.93	.18%
12452	12	15.68	10.22%
11123	12	13.56	4.34%
12453	10	11.56	4.33%
11126	12	10.46	4.27%
11128	13	13.27	.74%
12456	12	11.02	2.72%
11127	12	13.10	3.05%
12457	12	12.81	2.24%
7396	12	10.62	3.82%
6064	12	13.81	5.02%
7395	12	13.53	4.24%
7398	6	13.12	19.78%
7397	6	10.81	13.36%
6069	12	14.49	6.91%
6068	7	12.24	14.55%
7399	6	12.30	17.51%
12462	6	10.82	13.39%
11131	10	13.23	8.98%
11130	19	14.18	13.38%
12460	6	10.75	13.20%
7390	12	10.85	3.21%
6061	8	13.57	15.49%
7392	12	21.54	26.49%
6063	12	13.80	5.00%
11132	24	14.24	27.12%
11135	12	12.21	.58%
11134	24	21.61	6.65%
12464	18	13.27	13.15%
84	7	11.43	12.30%
11137	11	12.31	3.63%
12469	10	10.42	1.16%
85	9	10.86	5.16%
11136	11	12.56	4.32%
86	15	12.16	7.89%
12467	6	11.00	13.89%
87	8	12.77	13.25%
12468	24	13.86	28.18%
88	9	12.09	8.60%
89	12	10.80	3.34%
6075	6	10.52	12.54%
6077	6	10.95	13.74%
6079	24	15.67	23.14%
6072	6	13.69	21.36%
6071	24	12.86	30.95%
6074	24	24.67	1.85%
6073	7	12.82	16.18%
90	21	14.91	16.93%
91	8	11.56	9.88%
92	12	10.53	4.08%
93	12	11.22	2.18%
94	12	12.55	1.54%
95	12	12.68	1.88%
96	14	11.27	7.59%
97	8	11.56	9.88%
99	24	16.52	20.77%
6087	12	12.01	.03%
6086	12	10.37	4.53%
6089	12	10.94	2.96%
6088	6	13.08	19.67%
6081	12	13.85	5.15%
6080	27	22.48	12.57%
6082	7	11.15	11.52%
6085	12	21.57	26.57%
6084	8	11.46	9.61%
3804	18	13.79	11.69%
3806	15	14.51	1.36%
3808	12	14.01	5.59%
3800	22	13.00	25.00%
3801	8	11.13	8.70%
3802	10	11.03	2.86%
6099	10	13.48	9.68%
6090	10	10.91	2.54%
6092	12	26.56	40.43%
6091	12	11.54	1.28%
6096	12	13.97	5.46%
6095	12	13.02	2.84%
3814	24	15.49	23.64%
3815	10	11.16	3.23%
3816	12	16.27	11.87%
3819	10	12.62	7.27%
3813	12	10.91	3.04%
3826	12	13.55	4.30%
3828	6	12.30	17.49%
3823	12	13.07	2.96%
3836	8	10.35	6.53%
2503	12	10.99	2.81%
3839	15	10.91	11.35%
3830	6	12.33	17.57%
3831	12	13.47	4.07%
3832	12	13.92	5.35%
3833	12	13.26	3.51%
2513	12	14.51	6.98%
3849	12	17.81	16.13%
3841	24	13.60	28.88%
3843	12	12.60	1.68%
2517	12	11.05	2.63%
3845	14	13.86	.40%
2516	10	11.07	2.96%
3846	16	16.43	1.19%
2526	6	11.27	14.63%
3858	12	13.20	3.33%
2525	18	13.60	12.23%
3859	18	13.05	13.74%
2524	18	13.92	11.33%
2522	12	13.28	3.55%
3850	12	11.91	.26%
3852	12	12.73	2.02%
3853	12	13.75	4.85%
3855	18	14.16	10.66%
2528	12	12.97	2.68%
3856	6	11.84	16.21%
2527	8	13.02	13.95%
3857	12	11.57	1.19%
1206	18	16.20	5.01%
2537	9	12.52	9.77%
2536	7	11.99	13.86%
2535	6	13.00	19.44%
2534	10	16.78	18.84%
2533	7	10.97	11.02%
1201	12	13.41	3.92%
1200	30	25.26	13.16%
2531	12	15.34	9.29%
3861	12	11.07	2.57%
3862	6	11.55	15.41%
3864	12	13.70	4.73%
3865	12	14.19	6.09%
1209	25	15.13	27.40%
3866	18	13.30	13.06%
1208	13	13.86	2.39%
3868	12	14.88	7.99%
2550	17	14.04	8.23%
1217	12	13.95	5.41%
1216	12	10.85	3.20%
2547	9	16.36	20.44%
1215	12	11.00	2.78%
1213	12	12.87	2.40%
2544	12	15.95	10.98%
1212	12	13.21	3.36%
2542	8	12.61	12.81%
1210	25	14.08	30.33%
2541	24	26.27	6.30%
2549	14	11.17	7.87%
3891	12	14.35	6.53%
1231	24	12.64	31.55%
2562	19	14.56	12.33%
2561	10	11.48	4.12%
2560	11	15.82	13.38%
2559	12	13.51	4.20%
2558	7	11.28	11.90%
12606	24	17.52	18.01%
2557	12	13.30	3.61%
2556	11	13.33	6.46%
12609	12	11.57	1.19%
2554	9	11.03	5.64%
2553	19	12.78	17.29%
12607	24	26.71	7.54%
3883	18	11.23	18.81%
1242	12	12.91	2.53%
2573	6	11.86	16.29%
2572	6	12.24	17.35%
2571	7	11.44	12.34%
2570	6	11.73	15.92%
1239	24	14.01	27.75%
1238	21	13.22	21.60%
2569	11	13.65	7.36%
2568	14	12.66	3.72%
2566	8	12.69	13.02%
1234	14	11.12	8.01%
2565	8	11.75	10.41%
2563	12	12.52	1.44%
3896	12	13.85	5.15%
3898	12	12.99	2.75%
2584	18	13.95	11.26%
2583	12	11.80	.55%
2582	10	13.20	8.90%
2581	16	11.96	11.23%
2580	24	13.98	27.84%
2579	10	10.80	2.22%
2577	9	12.51	9.74%
1245	6	13.09	19.71%
2576	6	12.34	17.61%
2595	12	11.54	1.27%
1263	12	13.29	3.58%
2591	12	13.31	3.64%
2589	14	12.96	2.90%
1257	12	10.91	3.04%
2588	15	11.72	9.11%
2587	13	11.75	3.47%
2586	15	11.47	9.81%
2585	15	12.24	7.65%
2598	8	14.41	17.82%
2596	12	13.38	3.85%
1286	7	10.59	9.96%
1284	10	12.76	7.68%
1283	9	12.91	10.87%
1297	12	13.04	2.90%
1293	12	10.82	3.26%
1291	6	10.99	13.86%
1290	8	11.40	9.44%
1289	17	13.39	10.02%
12670	18	12.70	14.73%
12671	14	11.92	5.78%
10019	6	13.90	21.95%
10018	18	13.75	11.80%
1299	24	22.58	3.94%
1298	24	13.34	29.61%
11342	9	10.53	4.24%
10010	6	12.78	18.84%
11341	12	13.85	5.15%
10013	9	12.13	8.70%
11344	12	10.80	3.32%
10012	6	10.73	13.15%
11343	15	11.04	10.99%
10015	12	10.54	4.05%
11346	12	10.63	3.80%
12678	18	12.54	15.18%
10014	12	11.76	.68%
12679	22	23.71	4.76%
12676	18	14.22	10.49%
10016	15	11.39	10.04%
11347	9	13.52	12.56%
12677	14	12.29	4.75%
8700	12	13.70	4.71%
11351	10	11.39	3.86%
11350	12	13.79	4.97%
10022	10	13.55	9.86%
11353	10	11.22	3.38%
10021	10	13.81	10.59%
12686	12	10.76	3.45%
406	12	10.98	2.83%
407	18	13.70	11.93%
10023	8	10.68	7.46%
10026	8	10.92	8.12%
11357	22	13.86	22.61%
10027	8	10.53	7.03%
12688	22	13.67	23.15%
8710	26	12.87	36.48%
8709	18	14.03	11.02%
12658	12	13.49	4.15%
410	18	11.93	16.86%
12659	12	11.30	1.94%
413	20	13.56	17.88%
414	14	13.00	2.78%
415	14	13.34	1.84%
8703	12	13.22	3.40%
11320	12	13.74	4.82%
12652	18	25.17	19.91%
416	19	14.09	13.64%
8704	14	14.24	.68%
417	14	14.31	.85%
418	12	12.08	.23%
12651	6	24.59	51.63%
8707	12	11.36	1.77%
11324	14	16.55	7.08%
12656	10	10.32	.89%
8708	12	13.77	4.91%
12657	12	12.37	1.02%
8705	10	15.29	14.69%
8706	9	13.80	13.32%
11325	16	10.74	14.61%
12655	12	11.12	2.44%
8721	6	11.44	15.11%
8722	9	11.19	6.09%
10008	9	14.67	15.74%
11339	6	11.01	13.92%
10007	18	16.05	5.40%
11338	12	10.44	4.34%
421	34	25.13	24.63%
10009	6	10.37	12.15%
426	24	26.27	6.30%
8714	18	11.46	18.17%
10000	10	14.14	11.49%
12663	18	13.68	11.99%
8715	9	11.17	6.03%
12664	16	13.07	8.15%
12661	16	10.78	14.49%
8713	25	12.64	34.33%
10001	10	11.51	4.20%
12662	30	21.59	23.35%
8718	18	15.20	7.77%
10004	15	12.11	8.03%
8719	14	16.62	7.27%
12668	11	11.63	1.74%
11337	12	10.49	4.20%
12665	18	12.62	14.93%
11336	18	12.58	15.06%
8732	18	13.48	12.55%
8730	6	10.67	12.97%
8731	12	12.58	1.62%
11306	9	10.74	4.85%
432	12	11.03	2.69%
11300	14	13.97	.09%
8724	30	26.24	10.46%
8729	12	13.85	5.14%
11302	14	12.70	3.62%
12634	12	16.43	12.32%
11301	8	13.24	14.54%
12635	24	16.51	20.82%
8727	12	12.37	1.03%
12632	12	13.13	3.15%
8728	18	11.00	19.44%
11303	14	13.70	.83%
12633	12	13.81	5.03%
8740	10	12.13	5.91%
7411	18	19.07	2.96%
7410	12	13.71	4.76%
8744	18	12.62	14.95%
7413	12	13.83	5.08%
7412	24	14.94	25.16%
440	6	10.98	13.83%
12647	12	13.58	4.40%
443	7	13.11	16.98%
12648	7	13.38	17.71%
444	12	10.66	3.72%
445	24	16.23	21.59%
446	24	11.07	35.93%
447	7	10.85	10.71%
12641	12	11.19	2.25%
449	11	14.99	11.08%
7403	18	11.71	17.48%
7406	12	10.50	4.17%
8734	12	12.87	2.41%
11311	12	16.42	12.28%
7405	12	10.77	3.42%
8735	12	14.76	7.66%
11310	12	11.59	1.14%
12640	12	11.53	1.30%
7408	18	10.94	19.62%
7407	24	13.06	30.40%
12646	12	13.71	4.74%
7409	18	12.62	14.94%
8739	7	10.52	9.78%
8754	18	10.78	20.07%
7423	24	26.62	7.29%
451	6	12.54	18.16%
12616	12	10.54	4.05%
12617	12	10.54	4.05%
453	18	13.32	13.01%
12614	18	13.77	11.75%
12615	18	13.77	11.75%
12618	12	12.12	.33%
8761	12	11.08	2.54%
6100	12	13.49	4.14%
8760	18	10.69	20.31%
6101	12	12.38	1.05%
7432	10	11.35	3.75%
8763	12	10.72	3.54%
461	30	18.00	33.33%
463	24	14.00	27.78%
12628	12	12.69	1.93%
466	18	13.48	12.56%
469	12	10.71	3.57%
8758	8	11.02	8.39%
8759	12	12.92	2.57%
12620	12	13.53	4.26%
8756	12	10.94	2.95%
7427	14	13.52	1.34%
8757	12	12.12	.34%
12623	15	12.52	6.90%
7440	24	16.20	21.65%
8773	9	14.56	15.44%
8770	12	13.64	4.57%
7441	18	15.86	5.94%
8771	12	12.98	2.72%
6113	12	12.73	2.02%
7444	15	10.94	11.27%
6112	12	13.83	5.09%
6115	12	13.20	3.34%
7446	24	16.27	21.46%
8774	12	10.57	3.99%
6114	12	13.48	4.12%
7445	30	16.60	37.22%
472	17	14.47	7.02%
473	12	11.23	2.13%
474	12	11.99	.03%
475	6	15.00	25.00%
477	18	13.44	12.66%
479	18	11.58	17.84%
6106	10	16.13	17.04%
6107	6	10.44	12.32%
7438	18	14.04	10.99%
6120	12	13.02	2.84%
8783	8	13.56	15.45%
6121	16	14.13	5.19%
8782	9	12.29	9.13%
6123	12	10.27	4.80%
7454	10	15.98	16.60%
6125	12	11.45	1.52%
8780	18	15.75	6.26%
488	24	12.65	31.54%
6117	12	12.55	1.53%
6116	6	12.20	17.22%
6119	12	13.90	5.28%
6118	12	10.92	2.99%
8779	15	14.12	2.43%
6131	12	10.95	2.92%
6130	12	11.03	2.69%
8793	24	16.47	20.92%
11280	8	11.35	9.31%
6135	12	10.80	3.34%
11284	12	13.37	3.81%
491	10	12.32	6.45%
493	12	11.10	2.51%
494	12	14.59	7.18%
495	10	11.84	5.10%
497	14	13.64	1.01%
499	11	13.34	6.50%
11287	21	15.18	16.17%
6142	10	10.65	1.80%
7472	24	13.57	28.97%
7475	24	11.00	36.11%
11292	15	12.18	7.83%
6146	16	15.58	1.15%
11294	14	13.99	.03%
6145	12	12.75	2.08%
7476	24	11.25	35.42%
11293	15	10.93	11.32%
7478	18	14.58	9.51%
11295	12	13.31	3.63%
7471	12	13.73	4.80%
6139	14	14.48	1.34%
11298	8	10.89	8.02%
11299	14	12.78	3.38%
6152	12	13.64	4.55%
7486	8	12.76	13.21%
7485	12	12.04	.12%
11261	9	10.57	4.37%
12593	18	13.61	12.20%
11260	12	13.90	5.28%
12594	18	12.67	14.80%
11263	18	14.47	9.81%
12591	18	11.79	17.25%
12592	24	15.58	23.38%
7480	24	13.77	28.41%
7482	18	16.01	5.52%
6150	10	10.54	1.50%
7481	9	16.44	20.66%
11265	10	12.46	6.84%
6149	15	14.03	2.68%
11264	18	17.93	.19%
11267	10	11.64	4.54%
12595	15	13.49	4.20%
11266	12	12.40	1.12%
11268	18	13.44	12.67%
6163	24	22.25	4.86%
7494	12	12.03	.09%
6166	12	10.15	5.13%
7497	12	11.10	2.49%
7496	12	11.10	2.50%
6168	15	11.94	8.51%
7499	12	10.46	4.26%
7498	12	11.19	2.25%
11271	12	13.47	4.08%
11274	12	12.34	.94%
11273	10	10.63	1.75%
7493	10	10.88	2.44%
7492	10	13.01	8.36%
11275	12	12.15	.41%
11278	12	11.03	2.68%
11277	17	17.74	2.04%
11279	8	11.34	9.28%
6174	18	11.12	19.12%
6177	22	16.83	14.36%
6176	12	13.63	4.54%
11241	12	13.68	4.67%
11240	6	12.74	18.73%
11243	19	11.07	22.02%
12576	10	13.81	10.57%
11245	11	11.83	2.31%
11244	12	13.40	3.90%
12579	8	12.11	11.42%
11246	14	16.20	6.10%
12577	9	13.78	13.28%
6186	12	11.61	1.08%
6188	6	12.86	19.07%
6187	10	13.84	10.66%
11250	9	13.77	13.24%
6189	12	12.78	2.15%
11252	11	11.08	.21%
11251	11	13.56	7.11%
12581	12	13.56	4.33%
6182	8	12.13	11.47%
6181	6	11.32	14.77%
6184	24	22.50	4.17%
6183	21	16.03	13.81%
3904	22	13.18	24.49%
3905	11	10.76	.67%
3906	12	13.03	2.87%
11253	12	13.58	4.38%
12584	6	10.39	12.20%
11257	18	13.60	12.22%
3900	7	10.97	11.02%
11259	18	11.31	18.58%
6196	12	17.39	14.98%
6199	34	13.77	56.20%
6192	13	13.34	.94%
3913	12	13.76	4.89%
3915	16	13.78	6.18%
3916	12	15.01	8.37%
3917	12	11.12	2.43%
3918	14	13.39	1.69%
3919	12	12.14	.39%
3911	14	12.55	4.03%
3912	18	16.72	3.56%
3924	9	11.70	7.49%
3925	18	13.78	11.71%
3926	24	17.62	17.71%
3927	12	13.05	2.91%
3928	12	12.99	2.75%
3929	18	13.85	11.52%
3921	29	23.95	14.02%
3939	18	11.23	18.80%
2609	24	14.52	26.33%
3931	12	11.17	2.31%
3933	12	12.62	1.73%
3934	10	13.26	9.04%
2613	12	12.62	1.71%
2612	8	11.05	8.47%
3948	12	14.95	8.21%
3949	9	12.95	10.98%
2610	12	11.24	2.10%
2619	14	13.62	1.06%
2618	9	14.38	14.94%
2617	6	11.69	15.81%
2616	12	11.42	1.62%
2625	7	13.19	17.19%
2624	23	11.63	31.58%
2622	16	10.87	14.25%
2621	12	10.94	2.95%
2627	12	11.34	1.83%
2626	18	13.26	13.16%
1305	30	11.19	52.25%
2636	7	13.23	17.32%
1304	6	11.02	13.95%
2635	12	11.97	.09%
1302	14	16.23	6.20%
2633	14	14.03	.09%
2632	12	13.40	3.90%
1300	33	17.06	44.29%
2631	19	14.14	13.49%
3962	12	13.71	4.75%
1309	10	10.84	2.34%
2639	12	11.67	.93%
3965	18	10.92	19.68%
1307	12	12.59	1.63%
2638	18	13.00	13.89%
2637	12	13.28	3.56%
3980	24	10.68	36.99%
2646	12	11.34	1.83%
1311	33	25.73	20.19%
1310	24	12.40	32.23%
2640	12	11.39	1.71%
3973	34	21.57	34.54%
2648	6	12.87	19.07%
2661	18	13.87	11.48%
2660	12	12.82	2.28%
1327	12	10.85	3.19%
2655	32	27.25	13.19%
2654	12	13.52	4.21%
1322	10	13.00	8.33%
2653	30	12.66	48.16%
2651	6	16.10	28.07%
3982	18	13.19	13.35%
3985	20	14.61	14.98%
3987	12	10.64	3.78%
1329	12	14.78	7.72%
1328	18	12.46	15.38%
1340	15	13.96	2.88%
1338	18	11.29	18.65%
12715	12	11.20	2.22%
1337	20	17.47	7.02%
2668	10	13.12	8.67%
12716	18	22.25	11.81%
1336	29	15.16	38.44%
2667	12	13.41	3.91%
12719	6	11.17	14.37%
12717	9	13.69	13.03%
1331	9	11.23	6.19%
12718	12	13.97	5.46%
3993	12	13.19	3.30%
3994	6	11.71	15.86%
3996	18	12.02	16.61%
12711	11	11.28	.78%
3998	18	13.73	11.86%
3999	13	12.50	1.39%
1339	12	12.12	.33%
12710	12	13.93	5.37%
1352	12	11.42	1.60%
2683	12	14.95	8.18%
1351	12	13.75	4.85%
2682	10	13.38	9.38%
2680	7	11.29	11.90%
1349	14	11.77	6.21%
12726	12	12.16	.43%
1348	16	13.19	7.81%
12727	18	17.20	2.22%
1347	6	10.18	11.62%
2678	12	11.33	1.87%
12724	18	13.74	11.84%
1346	12	10.54	4.07%
2677	16	13.52	6.90%
2676	24	14.60	26.12%
1344	8	13.94	16.51%
1343	12	13.44	4.01%
12729	6	10.76	13.22%
12722	6	12.11	16.98%
12723	12	13.30	3.61%
1362	14	12.59	3.91%
1361	12	15.24	9.01%
2692	27	25.24	4.90%
1360	9	10.56	4.34%
2691	18	11.61	17.75%
1359	10	11.37	3.81%
1358	14	13.76	.66%
2689	12	11.01	2.75%
1357	14	13.86	.40%
1356	17	11.05	16.52%
1355	14	12.66	3.71%
2686	12	13.33	3.69%
1354	12	13.26	3.49%
2685	11	13.14	5.95%
1353	12	10.53	4.10%
2684	18	16.03	5.46%
1373	7	10.86	10.71%
1370	15	10.78	11.71%
1369	24	13.59	28.91%
1367	10	13.72	10.33%
2698	18	13.91	11.36%
12708	12	11.18	2.28%
2697	18	13.13	13.54%
12709	12	14.57	7.13%
1365	27	11.74	42.40%
2696	18	11.30	18.60%
1364	24	11.16	35.67%
2695	12	11.51	1.36%
12707	7	10.36	9.33%
12701	6	10.78	13.28%
1385	12	11.88	.33%
1380	14	10.60	9.45%
1379	12	11.86	.39%
1378	18	13.86	11.49%
1377	10	13.52	9.79%
1396	12	11.65	.97%
1395	10	10.49	1.37%
1394	12	13.16	3.24%
1393	24	14.59	26.15%
1392	12	13.86	5.17%
1391	18	13.49	12.53%
1390	14	15.62	4.49%
1389	6	13.99	22.19%
1388	11	13.05	5.70%
1399	11	13.78	7.73%
500	13	13.24	.66%
501	12	12.73	2.03%
502	30	13.88	44.79%
505	12	11.90	.27%
506	7	10.89	10.80%
12792	12	11.19	2.25%
10130	12	13.78	4.93%
10139	12	12.65	1.80%
510	12	11.21	2.19%
511	6	10.55	12.63%
8802	24	22.38	4.50%
11463	10	11.29	3.58%
12795	12	11.15	2.35%
10131	8	13.73	15.91%
11462	15	16.84	5.12%
12796	6	11.04	14.01%
516	12	13.42	3.96%
8800	12	12.92	2.56%
12793	10	19.27	25.76%
517	18	14.50	9.72%
10133	12	12.50	1.39%
12794	18	13.44	12.67%
518	7	13.22	17.28%
8806	6	12.89	19.14%
10136	24	11.48	34.77%
12799	12	13.13	3.15%
519	12	13.67	4.64%
8807	6	12.96	19.32%
10135	11	13.00	5.56%
10138	16	13.09	8.09%
12797	12	13.87	5.20%
10137	12	10.65	3.76%
12798	12	13.67	4.63%
8820	18	10.54	20.72%
8821	18	13.32	13.01%
10141	14	13.78	.62%
10140	12	10.55	4.02%
8819	12	15.89	10.82%
521	10	13.48	9.65%
522	10	13.77	10.48%
525	18	13.87	11.47%
10143	8	12.34	12.06%
526	12	10.43	4.35%
8814	22	11.56	29.01%
10142	10	15.84	16.23%
10145	18	25.65	21.25%
10144	8	11.78	10.51%
529	12	13.20	3.35%
8817	10	12.37	6.58%
11478	10	10.54	1.49%
8818	6	10.73	13.15%
11477	12	17.00	13.89%
8816	8	11.36	9.35%
8832	14	10.73	9.08%
7501	6	11.65	15.70%
7500	24	12.88	30.89%
530	12	11.91	.24%
12779	24	13.51	29.15%
531	10	13.60	10.00%
534	6	11.49	15.25%
535	9	13.08	11.34%
8824	24	13.75	28.46%
10110	10	14.51	12.53%
537	12	13.20	3.34%
8825	12	14.56	7.11%
11440	10	11.53	4.24%
8822	18	13.61	12.19%
8823	24	12.88	30.89%
8829	12	12.86	2.38%
10113	7	13.21	17.26%
12778	24	12.97	30.65%
8826	8	10.61	7.26%
11447	10	10.70	1.95%
12776	18	13.54	12.39%
7510	18	12.72	14.66%
8842	10	13.00	8.33%
12780	12	11.48	1.43%
12781	12	11.62	1.06%
7512	10	12.59	7.19%
8840	16	11.52	12.44%
8841	6	11.15	14.30%
540	8	10.96	8.21%
541	8	10.82	7.83%
542	10	12.02	5.61%
545	18	13.80	11.66%
546	6	13.62	21.16%
547	12	11.44	1.56%
7503	18	12.89	14.20%
8835	10	12.52	7.01%
12784	18	10.96	19.56%
548	11	13.81	7.80%
8836	12	10.78	3.40%
8833	12	10.75	3.48%
10123	12	14.51	6.96%
12782	18	13.95	11.26%
12783	18	13.46	12.61%
8839	18	13.71	11.91%
8837	10	11.78	4.94%
8838	6	16.38	28.82%
8853	24	13.80	28.32%
8854	12	13.38	3.84%
8851	7	15.59	23.85%
12759	15	10.89	11.41%
552	12	13.25	3.46%
12757	12	16.45	12.37%
12758	10	11.12	3.11%
555	12	11.70	.83%
557	15	16.17	3.24%
7514	18	14.48	9.79%
12751	12	12.61	1.69%
8847	12	12.59	1.63%
7516	9	15.70	18.60%
8844	18	14.79	8.91%
11421	12	13.44	4.01%
11423	12	11.03	2.69%
12755	12	13.35	3.75%
7517	12	11.69	.87%
11422	18	11.27	18.70%
7519	7	10.71	10.30%
11424	12	11.41	1.63%
12754	12	11.87	.35%
8860	18	17.71	.81%
7530	6	10.76	13.23%
6201	8	12.59	12.76%
8864	10	14.48	12.45%
6200	7	11.67	12.97%
8865	16	18.30	6.38%
6203	18	12.43	15.46%
8862	12	16.51	12.52%
6202	17	16.96	.11%
8863	18	16.69	3.64%
10107	18	13.51	12.47%
562	30	11.23	52.14%
11437	10	12.79	7.75%
12769	12	11.04	2.66%
7525	12	11.89	.30%
11430	24	11.45	34.87%
12762	8	11.36	9.34%
8858	15	13.46	4.27%
12763	12	13.92	5.34%
7527	12	10.79	3.37%
11432	8	11.46	9.61%
12760	15	10.76	11.77%
7526	15	13.41	4.43%
8856	24	13.47	29.24%
11431	10	12.52	7.00%
12761	15	11.35	10.13%
7529	12	11.21	2.21%
11434	9	11.58	7.16%
7528	12	11.40	1.66%
11433	10	11.78	4.94%
12767	10	14.19	11.63%
11436	12	13.78	4.95%
10104	24	26.75	7.64%
11435	7	11.81	13.36%
12765	12	14.14	5.95%
7541	9	11.85	7.91%
7540	11	14.45	9.60%
8870	10	11.76	4.89%
6212	12	11.31	1.91%
8875	18	13.34	12.94%
6211	12	12.82	2.29%
7542	6	10.88	13.55%
6214	9	14.18	14.40%
7545	12	12.23	.64%
7544	7	10.35	9.31%
11404	12	13.29	3.58%
12735	9	12.57	9.90%
11406	10	10.74	2.07%
12736	6	12.78	18.84%
578	24	16.45	20.97%
579	10	13.38	9.39%
6204	30	26.94	8.49%
7535	8	12.31	11.96%
7538	11	11.01	.03%
8866	24	16.35	21.26%
7537	11	10.14	2.40%
11401	24	11.71	34.13%
7539	14	12.94	2.94%
11400	12	11.28	2.00%
11403	24	22.56	4.00%
11402	12	12.31	.85%
7550	12	13.48	4.12%
8883	7	10.26	9.05%
6221	10	11.11	3.08%
7552	7	12.74	15.96%
7551	6	10.38	12.16%
6223	11	11.27	.74%
7554	30	15.97	38.98%
8886	24	17.41	18.32%
6222	18	15.87	5.91%
7553	7	12.34	14.82%
8887	12	12.79	2.20%
6225	11	10.62	1.05%
8884	10	11.74	4.84%
6224	12	11.13	2.42%
7555	10	14.28	11.90%
580	14	13.73	.75%
11416	9	13.67	12.98%
584	24	13.23	29.92%
11417	12	14.24	6.22%
12747	14	13.34	1.83%
11419	9	13.71	13.08%
6216	7	11.06	11.29%
6215	10	11.31	3.64%
12741	18	10.73	20.20%
6218	28	16.46	32.07%
11412	12	11.07	2.58%
12744	7	11.28	11.90%
6219	12	10.88	3.12%
11414	12	14.18	6.05%
12742	7	10.52	9.78%
12743	8	11.07	8.52%
7561	9	13.23	11.74%
8894	12	11.22	2.16%
10090	18	12.95	14.04%
6232	12	12.37	1.02%
8891	15	12.37	7.30%
10093	10	10.78	2.17%
6231	18	12.28	15.88%
7562	18	13.35	12.90%
10095	6	14.11	22.54%
6233	12	13.02	2.84%
7564	14	11.74	6.28%
8895	24	15.33	24.09%
10097	8	13.61	15.58%
7566	24	13.36	29.56%
10096	24	11.24	35.45%
590	18	11.25	18.74%
591	22	11.57	28.97%
8890	18	14.06	10.95%
592	8	17.54	26.50%
593	8	10.57	7.15%
594	11	11.71	1.98%
595	16	15.50	1.39%
597	9	10.91	5.30%
598	14	11.88	5.89%
599	17	12.87	11.47%
6227	12	15.92	10.89%
7558	12	12.98	2.72%
10099	12	15.90	10.84%
7557	10	13.28	9.12%
10098	9	12.20	8.89%
8888	10	13.72	10.33%
6228	14	13.09	2.53%
8889	10	13.50	9.72%
6241	14	11.24	7.67%
6240	7	12.99	16.63%
6245	12	13.82	5.05%
7578	8	24.00	44.44%
6238	15	12.69	6.41%
7569	18	13.85	11.53%
6237	12	11.40	1.68%
7568	18	13.78	11.71%
6239	16	15.53	1.31%
6252	12	12.24	.68%
6251	10	11.13	3.13%
7582	15	14.71	.80%
6254	12	14.12	5.88%
10071	14	14.30	.83%
6253	24	12.63	31.59%
7584	8	22.32	39.78%
10070	24	14.00	27.78%
6256	6	22.29	45.24%
10073	18	13.43	12.70%
6255	12	13.82	5.05%
6258	18	16.22	4.96%
7589	24	15.78	22.84%
6250	15	13.47	4.24%
7580	7	10.36	9.34%
10077	12	12.88	2.45%
6248	12	12.81	2.24%
7579	18	16.86	3.17%
6263	18	19.00	2.78%
7594	12	13.28	3.55%
10080	9	11.98	8.27%
6265	16	11.63	12.14%
7596	12	11.08	2.57%
7595	6	13.86	21.83%
10081	10	14.00	11.11%
10084	12	12.31	.87%
6266	16	11.63	12.14%
7597	10	12.86	7.95%
10083	12	10.90	3.07%
7599	18	11.18	18.93%
10085	12	14.24	6.23%
7590	18	16.49	4.20%
10088	12	13.22	3.39%
6259	14	13.23	2.15%
10089	24	12.48	31.99%
6274	6	11.28	14.68%
6276	29	13.18	43.94%
6278	6	24.41	51.14%
10050	12	13.63	4.53%
11381	17	14.08	8.12%
6279	12	11.09	2.52%
10055	18	11.03	19.36%
11386	22	13.78	22.82%
11388	14	11.19	7.79%
10056	20	16.32	10.21%
11387	10	14.10	11.38%
11389	9	10.69	4.71%
6287	9	13.52	12.55%
11391	10	11.67	4.63%
6286	12	18.19	17.21%
11390	15	13.68	3.66%
6289	12	12.52	1.43%
