4970	36	37.52	3.16%
4964	36	36.60	1.25%
3650	54	40.29	28.55%
4981	51	38.70	25.62%
3651	36	36.07	.14%
4	36	36.00	.00%
3644	36	38.67	5.56%
4979	36	37.90	3.97%
2326	36	40.70	9.79%
1004	36	39.09	6.43%
1003	36	37.91	3.98%
2333	39	37.57	2.98%
3663	60	41.94	37.63%
4998	36	38.16	4.51%
3668	36	38.95	6.15%
1013	36	36.00	.00%
3695	48	37.37	22.15%
3687	36	38.58	5.38%
3688	36	36.76	1.58%
2370	36	38.60	5.42%
2369	36	41.20	10.83%
1036	36	37.96	4.08%
2367	36	41.64	11.74%
1035	36	38.04	4.26%
2385	36	37.65	3.43%
1051	36	37.85	3.85%
2380	36	40.50	9.38%
1048	36	37.60	3.33%
11107	36	38.23	4.65%
2389	48	39.31	18.10%
11101	36	40.62	9.62%
11114	36	36.00	.00%
1080	53	38.62	29.96%
1081	53	38.62	29.96%
12419	36	36.27	.57%
1079	43	39.70	6.88%
12410	38	42.50	9.38%
12411	43	40.41	5.41%
1097	36	37.75	3.64%
1096	36	37.55	3.23%
1093	36	38.09	4.35%
1092	36	37.65	3.45%
9809	36	37.33	2.78%
9803	60	39.22	43.30%
12426	36	43.33	15.28%
9819	42	40.29	3.57%
8501	36	36.00	.00%
9825	48	37.95	20.94%
207	36	37.42	2.96%
208	36	38.26	4.71%
9823	36	36.93	1.94%
12401	36	37.73	3.61%
9844	36	36.50	1.04%
214	36	37.43	2.98%
218	36	38.37	4.93%
8506	36	39.86	8.04%
8523	40	39.07	1.95%
220	36	36.91	1.89%
8519	36	38.25	4.69%
9860	36	37.84	3.84%
8534	36	38.00	4.17%
8535	36	38.19	4.55%
11062	36	39.26	6.79%
12393	36	39.22	6.71%
9864	48	38.81	19.15%
233	42	42.00	.00%
9859	36	38.25	4.69%
9872	36	37.64	3.42%
9871	36	36.75	1.56%
11071	66	43.56	46.76%
7213	36	37.74	3.62%
7212	36	37.13	2.36%
9877	36	37.14	2.38%
9874	36	37.88	3.91%
9875	36	37.53	3.20%
11075	54	45.00	18.75%
244	36	38.50	5.21%
9867	36	40.70	9.79%
11079	36	36.00	.00%
11042	42	39.21	5.81%
250	36	38.03	4.23%
252	42	38.93	6.40%
253	42	38.31	7.69%
254	36	38.79	5.80%
11048	36	36.00	.00%
9892	36	41.93	12.36%
8562	36	38.55	5.30%
7235	50	40.20	20.42%
7234	36	37.98	4.12%
268	36	40.22	8.80%
8573	36	38.00	4.17%
11021	48	38.70	19.37%
271	36	38.42	5.04%
7240	36	39.92	8.16%
7238	36	36.58	1.20%
12362	36	39.00	6.25%
7256	36	37.46	3.04%
8587	36	36.75	1.56%
8581	42	38.54	7.21%
11036	42	38.53	7.22%
11035	36	37.31	2.74%
11038	36	38.33	4.86%
11037	36	37.91	3.99%
296	36	39.57	7.44%
299	36	38.82	5.88%
12338	36	39.15	6.56%
12336	36	37.62	3.37%
7275	36	36.00	.00%
7271	36	37.33	2.78%
12342	54	39.23	30.77%
12343	36	36.38	.80%
12349	36	37.00	2.08%
11017	36	37.60	3.33%
3702	36	39.83	7.97%
3716	36	38.43	5.07%
3728	66	41.01	52.06%
3737	36	36.54	1.13%
3732	36	38.00	4.17%
11091	36	42.00	12.50%
3749	36	36.74	1.54%
2430	60	38.15	45.52%
2440	36	37.65	3.43%
2438	54	39.35	30.52%
2437	36	38.51	5.23%
3764	36	37.37	2.85%
3766	36	36.00	.00%
3768	36	36.00	.00%
1118	36	36.35	.74%
1112	36	41.19	10.81%
1124	36	38.48	5.16%
3784	36	36.53	1.10%
3786	42	37.99	8.36%
2467	36	38.66	5.53%
1134	42	39.00	6.25%
2484	48	38.77	19.23%
2482	36	36.00	.00%
2475	36	37.20	2.50%
1165	36	38.86	5.96%
1161	36	40.41	9.19%
1160	36	38.57	5.36%
1175	59	48.23	22.44%
1173	39	38.65	.73%
1187	48	37.75	21.35%
1177	36	37.69	3.53%
11221	36	38.79	5.80%
12555	36	39.62	7.55%
1191	48	38.83	19.11%
1188	36	37.65	3.43%
11238	36	38.79	5.80%
9911	60	40.00	41.67%
9912	48	39.17	18.40%
9918	39	37.12	3.91%
9915	54	38.11	33.10%
12534	36	40.19	8.72%
9930	36	37.56	3.24%
12549	42	37.29	9.82%
304	36	37.75	3.65%
307	36	40.91	10.23%
9929	36	38.25	4.68%
11216	36	38.57	5.36%
9942	42	38.31	7.69%
8612	36	37.50	3.12%
9943	48	38.69	19.40%
9940	36	37.17	2.45%
9938	36	39.59	7.49%
9951	36	37.51	3.15%
8615	36	38.38	4.95%
328	36	37.28	2.67%
9949	36	38.35	4.91%
9960	36	40.85	10.10%
7303	36	38.19	4.56%
334	36	37.71	3.57%
339	36	36.40	.83%
9970	36	38.40	5.00%
7312	36	37.33	2.78%
345	36	37.67	3.48%
349	36	37.50	3.12%
8638	43	36.54	13.46%
7322	36	37.78	3.72%
7317	36	38.75	5.73%
8647	36	38.05	4.26%
8663	36	36.00	.00%
13	36	37.82	3.79%
14	36	37.55	3.23%
15	36	36.00	.00%
7334	36	40.95	10.31%
16	36	38.26	4.71%
8658	36	40.23	8.82%
20	36	37.98	4.12%
8673	36	39.97	8.28%
8674	36	37.82	3.79%
24	36	37.76	3.67%
12493	36	37.20	2.50%
372	48	38.18	20.45%
379	36	39.35	6.98%
7338	36	38.75	5.72%
8669	36	41.72	11.91%
32	37	37.62	1.30%
33	36	36.00	.00%
34	36	38.62	5.46%
11173	36	36.00	.00%
11172	36	40.53	9.44%
8686	38	37.10	1.87%
6026	36	39.50	7.29%
11179	36	36.00	.00%
6037	36	37.28	2.67%
11141	36	42.18	12.88%
390	36	37.83	3.80%
391	44	37.42	13.72%
393	39	39.00	.00%
8692	51	40.75	21.35%
6028	36	41.29	11.02%
7359	36	38.12	4.42%
11143	36	38.63	5.49%
11146	36	37.93	4.02%
12478	36	36.77	1.60%
54	36	36.81	1.70%
55	36	36.39	.82%
7376	36	38.60	5.42%
6047	36	39.06	6.37%
7378	36	38.50	5.21%
7377	74	46.24	57.83%
60	36	38.55	5.32%
12489	36	38.21	4.60%
7386	36	37.98	4.12%
7383	36	36.56	1.16%
11129	50	40.00	20.83%
11122	36	37.71	3.57%
12455	36	37.36	2.83%
11125	36	39.09	6.45%
76	36	37.92	3.99%
6065	36	40.53	9.44%
6067	66	38.96	56.33%
6066	57	39.05	37.40%
6060	60	44.70	31.87%
6062	44	38.94	10.54%
6076	54	44.00	20.83%
6078	36	38.22	4.62%
6070	44	37.22	14.12%
98	36	38.22	4.63%
6083	36	37.62	3.37%
6094	36	38.00	4.17%
6093	48	40.11	16.44%
3829	36	36.00	.00%
3824	36	39.23	6.73%
3837	48	38.93	18.90%
2502	36	36.00	.00%
3834	48	39.19	18.35%
3835	36	38.53	5.27%
3847	36	38.17	4.51%
3848	36	37.09	2.27%
3840	60	46.59	27.93%
3842	54	39.13	30.98%
3844	36	41.20	10.83%
3860	36	46.29	21.43%
3854	36	40.50	9.38%
1202	36	37.20	2.50%
3881	40	37.04	6.16%
2551	41	39.05	4.06%
3892	42	37.62	9.13%
2555	36	40.84	10.08%
12608	36	37.92	4.01%
2567	45	48.22	6.71%
1233	36	38.22	4.63%
2564	36	38.00	4.17%
3894	36	38.00	4.17%
3897	36	38.69	5.60%
2594	36	47.43	23.81%
1260	36	39.39	7.05%
1259	48	45.78	4.63%
1268	36	38.96	6.16%
1282	36	38.67	5.57%
1296	36	37.59	3.32%
1294	36	40.39	9.15%
1292	36	38.33	4.86%
1288	36	38.06	4.28%
1287	36	39.00	6.25%
11340	36	36.00	.00%
12681	36	38.81	5.85%
10029	36	41.50	11.46%
400	36	37.55	3.23%
404	42	37.20	10.00%
405	36	37.62	3.37%
11352	36	36.71	1.49%
10024	36	38.79	5.80%
11355	36	37.78	3.72%
11354	36	37.95	4.06%
12689	36	36.00	.00%
11356	36	38.00	4.17%
10028	36	36.00	.00%
12687	36	36.82	1.70%
8711	36	38.43	5.06%
412	36	37.53	3.20%
11323	36	38.18	4.55%
12654	60	39.47	42.78%
12660	48	38.25	20.31%
420	36	37.47	3.07%
422	36	38.40	5.00%
11330	42	41.00	2.08%
429	36	37.89	3.94%
10005	36	36.00	.00%
8733	36	37.36	2.83%
7402	72	38.13	70.56%
430	36	41.73	11.93%
11305	36	38.61	5.43%
431	36	36.89	1.85%
434	36	38.39	4.98%
435	36	38.39	4.98%
436	36	38.07	4.31%
437	36	37.74	3.62%
8725	36	37.62	3.39%
438	36	38.20	4.57%
439	36	37.93	4.02%
11304	36	38.00	4.17%
448	36	37.47	3.07%
12643	36	36.51	1.05%
12644	36	37.69	3.53%
454	36	38.79	5.80%
458	60	38.96	43.84%
12619	36	37.33	2.78%
8745	36	38.91	6.06%
12612	36	37.79	3.72%
12613	36	37.85	3.85%
8749	48	39.12	18.51%
7430	36	38.44	5.09%
467	42	38.85	6.57%
468	36	40.73	9.86%
12629	48	38.60	19.58%
7429	36	46.29	21.43%
8772	60	42.00	37.50%
6111	36	38.68	5.59%
470	42	39.50	5.21%
476	36	36.00	.00%
6105	36	38.91	6.07%
8767	48	36.85	23.24%
6122	36	37.14	2.37%
8781	36	37.74	3.62%
6124	36	38.24	4.66%
6126	36	37.32	2.75%
7447	36	36.00	.00%
7449	48	39.01	18.73%
8795	36	39.00	6.25%
7465	36	36.94	1.96%
8799	36	38.25	4.69%
8796	36	37.50	3.12%
11285	36	38.35	4.90%
498	48	38.92	18.91%
6128	36	38.36	4.92%
11286	36	42.35	13.24%
6144	36	37.69	3.52%
6143	36	36.93	1.93%
11296	36	36.40	.83%
6147	42	38.34	7.62%
11297	60	40.39	40.85%
6153	36	36.91	1.89%
7484	36	37.62	3.38%
6155	36	38.93	6.10%
6154	36	38.96	6.17%
6164	36	36.55	1.14%
7495	36	38.87	5.99%
11270	60	38.85	44.06%
6165	36	36.52	1.09%
6167	42	38.67	6.94%
6162	36	38.40	5.00%
11276	36	37.96	4.09%
6175	48	38.27	20.27%
12578	42	37.11	10.19%
6185	54	40.24	28.68%
11258	36	38.77	5.77%
12589	42	47.40	11.25%
6193	36	36.00	.00%
3935	36	37.21	2.53%
3930	36	36.26	.54%
3932	36	36.17	.35%
2620	36	39.11	6.47%
3950	48	42.18	12.12%
3952	36	36.00	.00%
2629	60	46.15	28.85%
2628	36	39.00	6.25%
3954	48	38.74	19.28%
2634	48	39.13	18.48%
2630	42	39.30	5.63%
3981	36	37.30	2.72%
1316	36	36.00	.00%
3972	38	37.00	2.08%
1318	36	38.80	5.83%
1326	36	38.79	5.80%
1325	36	36.71	1.49%
3986	36	36.77	1.60%
1335	36	41.43	11.31%
2666	36	36.31	.65%
3997	36	37.53	3.20%
1350	36	36.73	1.52%
2679	36	38.40	5.00%
1345	36	37.34	2.80%
2675	36	36.90	1.87%
1363	36	37.70	3.53%
1374	36	38.35	4.89%
1372	36	38.86	5.96%
1366	36	38.86	5.95%
1376	36	36.00	.00%
1398	36	37.21	2.52%
504	54	39.46	30.29%
507	36	38.25	4.69%
509	36	39.75	7.81%
12791	36	38.69	5.60%
513	52	42.40	20.00%
10132	36	36.59	1.23%
520	36	37.50	3.12%
524	36	36.00	.00%
11479	36	37.55	3.23%
8831	36	37.50	3.12%
539	36	38.31	4.81%
8828	36	41.18	10.80%
12777	36	36.00	.00%
8827	36	37.33	2.78%
8843	36	37.73	3.61%
7511	36	45.93	20.69%
544	54	38.12	33.09%
7502	36	38.89	6.01%
549	36	38.08	4.34%
8834	36	39.17	6.61%
10122	36	39.62	7.55%
7520	36	36.00	.00%
7523	36	37.79	3.73%
551	43	38.87	8.60%
11428	36	38.83	5.89%
554	36	47.00	22.92%
558	38	36.71	2.68%
8846	36	40.47	9.31%
7515	36	41.00	10.42%
12756	48	40.65	15.32%
11438	66	38.92	56.42%
12768	36	37.58	3.29%
565	36	37.64	3.41%
566	36	37.60	3.33%
8857	36	40.00	8.33%
8855	36	36.99	2.06%
10101	36	39.67	7.65%
10100	36	36.75	1.56%
12766	36	42.00	12.50%
8859	41	40.69	.64%
8876	36	47.91	24.82%
6213	36	39.16	6.58%
11405	36	40.53	9.43%
12737	48	39.04	18.66%
12738	48	37.75	21.35%
11407	36	39.62	7.53%
577	48	38.79	19.20%
7536	36	39.91	8.14%
8869	36	37.68	3.50%
12731	48	39.54	17.63%
7556	36	38.52	5.25%
12749	36	37.71	3.57%
587	48	42.67	11.11%
12740	36	38.24	4.68%
6230	36	36.00	.00%
8893	36	38.18	4.55%
7563	36	38.31	4.81%
10092	56	44.86	23.21%
10094	36	36.00	.00%
6236	36	36.00	.00%
6226	36	38.38	4.97%
6243	56	39.40	34.59%
6242	36	39.40	7.07%
7573	36	37.71	3.57%
6247	42	38.05	8.24%
6246	36	37.70	3.54%
6249	36	37.38	2.88%
10076	36	44.00	16.67%
10079	36	37.00	2.08%
6264	36	39.21	6.69%
6273	36	36.82	1.71%
11380	48	41.08	14.42%
6277	60	48.80	23.33%
6272	36	36.82	1.71%
6284	54	38.68	31.91%
10060	36	39.12	6.50%
10064	36	38.79	5.80%
10069	36	36.43	.89%
6298	42	38.94	6.37%
6292	36	41.84	12.17%
11363	43	39.31	7.69%
10038	36	36.82	1.70%
11369	36	37.91	3.97%
10042	38	38.79	1.64%
11374	36	38.37	4.94%
11377	36	38.51	5.22%
2716	36	38.43	5.06%
2724	36	39.00	6.25%
2738	36	38.00	4.17%
2746	36	38.39	4.98%
1410	36	37.71	3.57%
2747	36	38.34	4.88%
1426	36	39.34	6.96%
1427	36	38.87	5.98%
2764	36	36.85	1.76%
2762	36	38.77	5.77%
2761	36	38.79	5.80%
1438	36	42.20	12.92%
2782	36	38.79	5.80%
2781	65	39.36	53.41%
2772	39	37.63	2.85%
2793	36	39.10	6.45%
1460	36	38.04	4.25%
2790	48	39.76	17.17%
2788	36	45.78	20.37%
11506	36	37.77	3.68%
12846	36	38.37	4.94%
1463	36	36.00	.00%
2794	36	36.00	.00%
12840	36	39.23	6.73%
1482	36	38.09	4.35%
1479	36	36.86	1.79%
1490	48	39.47	17.77%
12826	36	39.24	6.74%
12824	36	37.55	3.23%
12829	36	37.25	2.60%
1498	36	39.83	7.98%
601	36	37.21	2.53%
603	36	40.92	10.25%
604	36	40.12	8.58%
607	38	40.39	4.98%
8909	36	37.79	3.73%
8908	36	37.44	3.00%
8901	36	38.21	4.60%
8902	36	38.02	4.21%
619	36	36.80	1.67%
8920	36	38.99	6.23%
8919	36	36.00	.00%
8910	54	38.57	32.14%
8916	36	36.00	.00%
8929	48	38.44	19.91%
632	36	37.52	3.16%
8924	42	38.67	6.94%
637	36	37.70	3.53%
638	36	36.22	.46%
8927	36	37.06	2.20%
8926	36	37.33	2.77%
10258	36	39.78	7.88%
10260	36	36.86	1.79%
11591	36	37.20	2.50%
7611	36	37.80	3.76%
8940	36	36.00	.00%
640	36	36.51	1.06%
10263	60	39.63	42.43%
10266	36	36.57	1.19%
649	36	37.85	3.86%
8939	36	37.36	2.83%
8937	36	36.00	.00%
7620	36	38.57	5.36%
650	36	37.20	2.50%
651	36	39.35	6.97%
657	36	38.70	5.62%
7613	36	36.00	.00%
11564	36	40.07	8.48%
7614	36	38.40	5.00%
8944	36	37.14	2.36%
7617	36	38.00	4.17%
8949	42	39.33	5.56%
10235	36	37.62	3.38%
12896	36	37.56	3.25%
12897	36	38.22	4.61%
8954	36	38.79	5.80%
10246	42	38.55	7.20%
8958	44	41.38	5.45%
6310	42	38.36	7.59%
7641	36	41.03	10.48%
7644	36	42.35	13.24%
671	36	36.71	1.47%
10217	39	37.50	3.12%
676	36	41.21	10.85%
6304	50	39.59	21.69%
8967	36	40.50	9.38%
8965	36	40.00	8.33%
7639	36	38.83	5.89%
7638	36	38.79	5.80%
11543	36	36.92	1.92%
12874	45	39.25	11.97%
8980	36	37.45	3.02%
8985	36	36.64	1.33%
7652	36	41.30	11.04%
8986	48	39.13	18.47%
8983	36	37.31	2.72%
8984	36	37.64	3.42%
683	54	41.72	25.59%
11551	36	38.70	5.63%
8979	36	38.33	4.85%
11550	36	36.00	.00%
8977	36	38.07	4.32%
10221	57	38.31	38.94%
10224	39	37.50	3.12%
6318	60	40.53	40.56%
7649	36	38.83	5.89%
10225	36	38.86	5.96%
12886	36	41.00	10.42%
7662	42	41.00	2.08%
8990	36	36.00	.00%
7663	72	40.50	65.62%
5003	48	38.30	20.22%
6334	36	36.00	.00%
698	39	36.78	4.63%
699	36	38.07	4.31%
11522	36	37.12	2.34%
11523	36	37.85	3.85%
12853	36	37.55	3.23%
7675	36	36.75	1.56%
5013	54	37.70	33.96%
12867	36	38.61	5.43%
5005	36	36.92	1.92%
6337	36	37.85	3.85%
6336	36	39.60	7.50%
5007	36	37.53	3.18%
10200	36	37.29	2.69%
5008	36	37.64	3.42%
10202	36	38.70	5.63%
12865	36	37.57	3.27%
6351	36	37.70	3.55%
6350	36	36.86	1.79%
6353	36	37.73	3.61%
5022	36	37.84	3.84%
6355	36	37.38	2.88%
7688	36	36.00	.00%
6356	36	37.08	2.26%
7680	36	37.20	2.50%
5019	36	38.79	5.80%
5030	36	37.61	3.35%
5031	36	37.55	3.23%
6364	48	43.00	10.42%
6363	36	38.38	4.95%
7694	36	38.94	6.13%
7697	54	41.40	26.25%
6368	36	38.70	5.63%
7690	36	40.18	8.70%
10192	54	42.23	24.52%
5048	36	36.00	.00%
6378	60	39.23	43.27%
5056	42	38.12	8.09%
6382	36	37.74	3.63%
6397	36	36.75	1.56%
6392	36	36.00	.00%
5076	43	39.49	7.30%
5079	36	38.00	4.17%
10185	36	40.75	9.90%
5070	60	43.10	35.22%
5071	48	41.52	13.51%
5073	36	38.10	4.38%
10186	54	38.70	31.87%
11480	36	37.24	2.58%
11483	36	37.20	2.50%
10153	36	37.48	3.09%
11490	46	41.23	9.94%
5091	36	36.00	.00%
2810	36	38.00	4.17%
11496	36	36.00	.00%
2814	36	37.60	3.33%
1511	42	38.47	7.35%
2842	36	36.71	1.49%
1517	40	38.70	2.72%
2854	48	38.34	20.12%
1522	42	41.33	1.39%
1521	42	37.39	9.61%
2852	36	37.88	3.92%
1527	36	38.44	5.09%
2867	39	37.00	4.17%
2866	66	42.35	49.26%
2864	36	36.81	1.69%
1530	36	37.12	2.34%
1544	36	38.79	5.82%
1542	36	37.43	2.98%
1540	36	36.00	.00%
1557	48	37.38	22.12%
2888	36	37.05	2.18%
1556	36	38.59	5.39%
1554	36	37.78	3.70%
2884	36	36.56	1.16%
1552	36	38.14	4.46%
1559	48	38.59	19.60%
1572	36	38.87	5.99%
1571	36	37.62	3.38%
1565	48	42.35	11.76%
1562	58	38.24	41.17%
1581	36	38.79	5.82%
12958	36	36.00	.00%
1588	60	38.28	45.25%
10306	36	36.92	1.92%
1586	36	36.64	1.34%
10300	36	37.76	3.67%
11602	36	38.24	4.66%
1599	72	38.88	69.00%
11604	36	38.24	4.68%
1598	36	39.17	6.60%
11609	54	46.59	15.45%
12937	36	36.00	.00%
12938	36	39.07	6.39%
12932	36	37.20	2.50%
700	36	40.00	8.33%
11619	62	38.26	49.46%
709	36	38.13	4.44%
12912	36	38.79	5.80%
711	42	37.20	10.00%
12916	36	43.43	15.49%
720	36	36.00	.00%
12927	60	39.41	42.90%
725	38	37.44	1.17%
738	38	37.46	1.12%
740	54	39.25	30.72%
12906	36	37.47	3.07%
743	70	39.38	63.80%
745	36	37.71	3.57%
7700	36	38.21	4.61%
747	53	41.00	25.00%
754	36	36.86	1.79%
758	36	37.93	4.02%
765	60	47.38	26.29%
766	36	36.52	1.08%
7724	36	36.67	1.39%
7740	36	37.00	2.08%
7743	42	38.66	6.96%
6407	36	40.17	8.68%
7738	36	40.78	9.95%
10356	36	41.21	10.85%
11687	36	36.80	1.67%
7752	36	37.10	2.29%
785	36	39.75	7.81%
786	36	44.62	17.97%
10362	36	37.09	2.27%
11693	45	39.90	10.63%
6416	48	39.60	17.50%
10364	36	37.81	3.78%
7748	36	37.18	2.46%
10368	36	37.71	3.57%
5100	36	39.11	6.49%
12990	36	41.61	11.69%
6434	36	39.11	6.48%
792	36	39.85	8.01%
10338	36	41.92	12.34%
10339	36	36.00	.00%
6425	36	36.50	1.04%
11661	38	38.92	1.91%
6424	38	39.78	3.70%
7755	36	41.70	11.88%
6427	42	36.63	11.18%
11662	36	38.50	5.21%
10336	36	37.20	2.50%
12996	36	37.63	3.39%
7774	36	38.68	5.58%
5112	36	37.75	3.65%
11670	42	38.50	7.29%
7769	36	36.00	.00%
11674	36	41.36	11.17%
6437	60	39.57	42.56%
11673	36	36.00	.00%
6454	36	37.50	3.12%
12979	36	36.00	.00%
10318	36	37.63	3.39%
11649	42	40.41	3.32%
12977	36	38.73	5.68%
5117	36	36.58	1.20%
5118	36	37.21	2.53%
5130	36	36.64	1.34%
6463	36	38.35	4.89%
6462	36	39.19	6.64%
5134	36	36.43	.90%
7798	39	39.46	.96%
5136	36	36.56	1.18%
7790	36	36.00	.00%
5127	36	38.10	4.37%
5128	36	38.56	5.33%
11651	48	39.60	17.50%
10323	36	39.13	6.52%
10322	38	38.66	1.37%
10324	36	38.10	4.37%
6472	36	40.23	8.81%
6476	36	37.33	2.76%
6478	36	37.25	2.60%
5147	36	36.76	1.59%
6482	60	39.20	43.33%
6481	42	39.08	6.08%
5165	36	37.82	3.79%
5166	36	37.66	3.46%
6497	54	38.80	31.67%
5169	36	37.44	2.99%
6492	36	41.61	11.68%
5159	48	37.50	21.88%
5172	72	39.83	67.02%
5188	36	37.41	2.94%
10295	42	37.41	9.57%
5183	36	36.22	.47%
2900	36	36.67	1.39%
10299	36	37.20	2.50%
2904	36	37.46	3.04%
5195	36	37.35	2.81%
5198	36	37.30	2.70%
5199	45	38.92	12.68%
5191	36	36.00	.00%
5192	36	38.54	5.29%
5194	36	37.10	2.28%
10274	54	38.85	31.57%
10278	36	41.36	11.17%
1600	36	37.90	3.95%
10285	36	37.87	3.89%
1608	36	36.67	1.40%
1607	36	37.00	2.08%
2937	52	43.71	17.26%
2936	36	38.48	5.16%
10289	36	37.14	2.38%
1610	36	36.22	.46%
1622	36	38.20	4.57%
2959	36	44.00	16.67%
2964	36	39.60	7.51%
2961	36	39.09	6.44%
2969	36	39.19	6.65%
1636	36	38.16	4.51%
2975	36	39.13	6.52%
1647	36	37.33	2.78%
2986	36	36.56	1.16%
2984	36	37.72	3.57%
1652	60	38.36	45.09%
2982	36	36.38	.78%
2981	36	37.35	2.82%
1667	36	38.92	6.07%
1666	36	36.00	.00%
1664	36	38.87	5.99%
2995	36	38.79	5.80%
2994	54	41.62	25.78%
1676	36	45.93	20.69%
1673	36	37.49	3.10%
10415	48	40.05	16.56%
10414	36	37.87	3.89%
11741	36	38.17	4.52%
805	36	37.49	3.10%
11737	36	37.84	3.84%
11738	54	40.36	28.41%
824	36	38.18	4.55%
826	36	37.28	2.67%
11733	50	40.73	19.32%
829	36	38.70	5.62%
831	39	39.47	.98%
834	42	41.71	.60%
11700	54	38.74	31.80%
11709	36	38.00	4.17%
7820	36	36.71	1.49%
7811	36	36.00	.00%
856	48	38.14	20.54%
7815	36	38.25	4.69%
861	54	38.93	31.40%
863	36	37.50	3.12%
7825	36	40.80	10.00%
7840	36	36.00	.00%
10491	36	36.68	1.42%
6511	36	37.50	3.12%
877	36	38.25	4.69%
7833	36	37.41	2.94%
6501	36	37.20	2.50%
10496	36	38.22	4.63%
880	36	39.50	7.29%
889	36	38.78	5.79%
7862	36	37.91	3.98%
5202	36	36.38	.78%
7858	42	38.88	6.49%
10479	36	37.52	3.17%
7870	48	38.70	19.37%
5210	36	36.00	.00%
6542	36	36.67	1.39%
10481	36	38.35	4.89%
5203	36	37.95	4.07%
6534	36	36.00	.00%
5207	36	37.88	3.92%
5209	36	36.79	1.64%
7881	48	38.76	19.26%
6553	36	37.71	3.57%
5224	36	37.79	3.72%
10459	78	39.13	80.98%
5214	42	37.67	9.03%
7879	36	36.00	.00%
6562	36	36.67	1.39%
5231	36	38.79	5.80%
6561	36	37.75	3.65%
6563	36	36.93	1.94%
5235	36	39.67	7.64%
7896	60	38.29	45.24%
10469	36	38.91	6.07%
10463	72	43.33	59.72%
5240	48	38.04	20.75%
5244	36	38.79	5.80%
6574	36	37.00	2.08%
6576	36	38.17	4.51%
11760	36	37.00	2.08%
6567	36	36.22	.46%
11764	36	36.57	1.19%
5252	36	36.67	1.39%
6584	36	38.57	5.36%
6587	36	37.12	2.34%
10448	36	38.00	4.17%
5247	36	37.85	3.85%
6579	36	37.59	3.31%
10440	36	41.67	11.81%
11770	36	36.00	.00%
11772	36	40.77	9.94%
5261	36	36.79	1.65%
5262	36	37.55	3.23%
5263	36	38.37	4.94%
5264	38	37.90	.20%
5266	36	36.85	1.76%
6599	36	36.86	1.79%
5268	42	39.58	5.03%
6589	54	37.84	33.68%
5275	36	38.24	4.66%
5276	36	37.93	4.02%
5277	36	37.76	3.67%
5279	36	37.62	3.37%
5270	36	38.10	4.37%
5298	36	36.71	1.49%
5290	36	39.89	8.10%
1712	36	45.75	20.31%
10399	36	37.85	3.85%
1727	36	37.71	3.57%
1731	36	37.34	2.79%
1735	36	39.61	7.52%
1745	48	36.31	24.36%
1748	48	37.34	22.21%
1754	36	38.79	5.80%
1762	36	37.36	2.84%
1781	36	38.21	4.60%
1775	36	37.76	3.66%
1792	36	37.16	2.41%
1785	36	38.10	4.37%
1783	36	36.00	.00%
1798	48	38.32	20.16%
1794	36	37.32	2.76%
909	36	38.00	4.17%
11867	54	38.62	32.03%
11869	42	38.10	8.13%
10530	36	39.38	7.03%
11861	36	36.00	.00%
913	66	40.60	52.92%
11863	36	37.87	3.89%
11862	36	37.58	3.30%
919	54	38.48	32.33%
10547	36	36.00	.00%
10546	52	39.06	26.96%
10549	54	40.00	29.17%
11870	36	36.17	.36%
925	36	37.60	3.33%
10543	36	38.09	4.36%
926	36	43.83	16.32%
10542	36	37.74	3.63%
10545	36	36.00	.00%
10514	36	38.53	5.27%
11845	36	36.00	.00%
11846	36	38.82	5.87%
936	36	39.47	7.22%
11858	46	38.67	15.26%
942	54	37.50	34.38%
945	36	39.56	7.41%
7901	36	37.88	3.91%
946	36	38.54	5.28%
7903	36	37.00	2.08%
11852	36	36.96	2.01%
948	36	37.60	3.33%
7902	36	37.09	2.27%
10520	36	42.35	13.24%
7905	36	42.62	13.78%
951	36	38.40	5.00%
7910	60	38.66	44.45%
7911	36	38.75	5.74%
7915	36	37.87	3.89%
7930	36	38.39	4.98%
10505	36	43.38	15.38%
10504	40	36.44	7.41%
965	36	37.01	2.11%
7923	36	39.56	7.41%
968	36	39.45	7.20%
7922	36	36.00	.00%
969	36	37.85	3.85%
972	36	37.70	3.54%
975	54	38.75	31.77%
6603	36	41.71	11.90%
6602	36	36.76	1.59%
7937	36	39.74	7.79%
983	36	38.06	4.29%
11818	72	40.80	65.00%
986	36	38.79	5.80%
5300	66	41.75	50.52%
6632	36	38.88	6.00%
6631	36	38.23	4.64%
993	36	43.09	14.77%
994	36	40.22	8.79%
6622	38	40.21	4.61%
6627	36	36.50	1.04%
7958	36	37.45	3.01%
6626	36	36.65	1.36%
6629	36	39.00	6.25%
7970	36	37.38	2.88%
7973	36	37.62	3.38%
6634	36	38.91	6.06%
7967	36	38.28	4.76%
7966	36	38.07	4.31%
6638	48	37.20	22.50%
6637	36	37.91	3.98%
7981	36	38.22	4.62%
6652	36	38.70	5.63%
10592	36	42.56	13.66%
6645	36	36.44	.91%
7975	36	37.97	4.11%
4000	36	38.29	4.78%
7994	36	36.00	.00%
5324	42	40.89	2.31%
5325	36	37.91	3.98%
5341	48	38.07	20.69%
6671	48	40.00	16.67%
5345	36	38.00	4.17%
7999	66	38.79	56.70%
10581	36	38.00	4.17%
5361	36	37.86	3.88%
5367	36	40.06	8.46%
11888	36	37.09	2.26%
11887	36	38.33	4.86%
4041	48	38.10	20.63%
4043	36	38.12	4.41%
5370	36	37.85	3.85%
5369	36	37.67	3.47%
4039	48	37.40	22.08%
11898	48	38.77	19.23%
10566	36	37.50	3.12%
11897	36	38.75	5.73%
5386	36	36.27	.56%
5387	36	38.47	5.14%
4058	60	38.58	44.63%
4063	36	38.62	5.46%
4076	36	37.39	2.89%
4088	36	37.43	2.98%
1809	42	40.50	3.12%
1802	36	38.92	6.08%
4095	36	38.28	4.75%
1827	36	38.62	5.47%
1831	36	39.56	7.41%
1838	36	38.00	4.17%
1834	36	36.00	.00%
1842	66	39.73	54.73%
1847	36	36.80	1.67%
1845	36	37.74	3.63%
1855	38	37.31	1.43%
1865	36	38.58	5.38%
1880	36	38.25	4.69%
1881	36	36.86	1.79%
1889	48	38.49	19.82%
1898	36	37.24	2.59%
1892	36	36.86	1.80%
11981	36	36.90	1.87%
10654	36	36.00	.00%
11985	36	37.40	2.92%
11992	51	41.67	19.44%
10666	72	40.16	66.33%
10639	36	38.13	4.44%
10631	53	44.00	18.75%
10633	36	38.91	6.06%
11977	36	40.19	8.72%
11979	36	38.28	4.74%
11978	36	36.00	.00%
11971	57	44.10	26.88%
11970	36	40.00	8.33%
11973	36	36.00	.00%
11975	36	40.50	9.38%
6708	36	37.35	2.81%
10613	36	37.81	3.78%
11955	36	37.20	2.50%
6718	36	38.67	5.56%
11958	36	36.74	1.54%
6710	36	37.56	3.24%
6715	36	36.60	1.26%
6714	36	36.21	.44%
6717	36	37.76	3.66%
6716	36	38.13	4.44%
6730	48	38.57	19.64%
11924	48	39.32	18.08%
11923	36	36.60	1.25%
11925	48	39.37	17.97%
6727	36	39.58	7.47%
10604	36	36.00	.00%
11935	36	39.60	7.50%
11937	36	37.93	4.02%
6733	36	37.28	2.67%
5407	48	39.67	17.34%
11931	36	45.12	19.00%
6745	36	37.95	4.07%
6760	36	37.84	3.84%
5432	36	38.31	4.81%
4102	36	38.13	4.44%
5423	36	36.25	.52%
5429	36	36.00	.00%
6771	36	38.64	5.49%
5441	36	37.41	2.94%
6775	36	37.42	2.96%
5444	36	37.71	3.57%
4104	36	37.30	2.71%
4105	36	37.29	2.68%
6767	36	37.53	3.18%
4120	36	36.75	1.56%
4121	36	37.63	3.40%
5452	36	38.55	5.31%
6778	36	36.94	1.96%
5449	38	39.41	2.95%
4119	36	36.00	.00%
6790	81	42.50	80.21%
6792	36	38.30	4.80%
10690	36	37.84	3.84%
10693	36	37.64	3.41%
10695	36	38.87	5.99%
5459	42	38.21	7.90%
5477	36	36.27	.57%
4151	36	41.12	10.68%
10678	60	38.52	44.74%
10676	36	38.73	5.68%
4166	36	38.31	4.82%
10684	36	38.05	4.28%
10686	36	37.38	2.88%
10688	36	38.03	4.22%
4175	48	44.00	8.33%
4176	36	41.61	11.69%
4181	36	37.00	2.08%
4196	36	36.90	1.87%
1919	41	37.99	6.28%
4191	36	37.72	3.59%
1916	43	39.23	7.86%
1927	48	41.61	13.32%
1926	48	38.31	20.18%
1949	72	47.68	50.66%
1948	36	36.00	.00%
1968	57	43.19	28.78%
11901	36	38.70	5.63%
11903	38	47.38	19.54%
1990	36	38.17	4.51%
11909	36	36.62	1.30%
1981	36	37.77	3.68%
1980	36	37.77	3.68%
9000	60	40.18	41.29%
1993	36	41.23	10.90%
1991	36	38.17	4.51%
9015	42	39.22	5.79%
9027	36	37.08	2.26%
9021	36	38.91	6.07%
9048	42	38.91	6.43%
9051	36	39.26	6.78%
9068	36	38.40	5.00%
9063	48	38.58	19.62%
10772	36	39.00	6.25%
10773	54	38.19	32.94%
9071	36	36.00	.00%
9098	36	36.00	.00%
9099	50	39.70	21.46%
10767	36	36.00	.00%
10734	36	37.40	2.92%
10731	36	37.72	3.58%
5510	48	38.34	20.13%
10743	36	37.20	2.50%
10742	36	39.46	7.21%
6850	42	38.77	6.73%
10708	60	37.86	46.12%
10715	42	37.62	9.13%
5512	36	37.92	4.01%
5513	36	37.62	3.39%
6844	36	37.31	2.73%
6847	42	39.29	5.65%
6860	54	39.41	30.40%
10725	36	45.30	19.37%
6855	36	38.65	5.52%
4205	48	38.25	20.31%
6866	36	37.50	3.12%
4209	36	40.78	9.95%
4221	36	36.55	1.15%
5553	36	36.67	1.39%
6884	42	36.75	10.94%
4215	36	38.96	6.16%
5560	36	38.36	4.92%
6892	36	37.50	3.12%
5561	36	36.00	.00%
4232	36	38.79	5.80%
5563	36	37.29	2.68%
6895	36	40.05	8.43%
6889	36	40.50	9.38%
6888	54	42.63	23.68%
5559	36	38.02	4.21%
5570	36	39.13	6.52%
5571	36	49.36	27.83%
5572	36	40.40	9.17%
4243	36	39.81	7.94%
5574	36	38.15	4.48%
5576	36	37.64	3.42%
5568	51	38.70	25.62%
5583	36	36.66	1.38%
4247	66	38.07	58.18%
4260	45	41.54	7.20%
5592	36	41.23	10.90%
4265	48	37.71	21.43%
4273	36	41.57	11.61%
4268	39	39.08	.18%
10796	66	40.29	53.57%
4298	36	40.59	9.56%
9102	36	36.60	1.25%
9107	36	37.03	2.15%
9114	36	37.06	2.21%
9112	36	38.63	5.49%
9117	36	38.47	5.15%
9108	36	36.00	.00%
9127	39	38.70	.62%
9135	36	36.85	1.76%
9136	36	36.70	1.45%
9133	36	40.62	9.62%
9131	36	36.94	1.96%
9132	36	36.33	.68%
9146	36	37.51	3.14%
9147	36	36.93	1.94%
9148	43	39.31	7.69%
9158	36	36.98	2.03%
9155	36	37.22	2.55%
9159	36	37.73	3.60%
9150	36	39.27	6.82%
9166	36	37.29	2.68%
9167	36	37.11	2.31%
9160	36	37.87	3.89%
9164	36	41.72	11.91%
9162	36	37.80	3.75%
9171	36	37.17	2.45%
6904	42	38.57	7.14%
9193	36	37.43	2.98%
9192	36	37.58	3.29%
6916	57	40.20	35.00%
6920	36	41.64	11.75%
6924	36	37.48	3.08%
5607	60	38.82	44.13%
6953	36	42.00	12.50%
10864	42	39.21	5.81%
10835	36	36.80	1.67%
10836	36	40.01	8.36%
4302	36	37.14	2.38%
4305	51	38.30	26.46%
6980	36	37.74	3.62%
5652	48	37.50	21.88%
4322	36	37.75	3.65%
6974	48	39.00	18.75%
5645	36	39.10	6.47%
5648	66	39.42	55.37%
6978	36	37.50	3.12%
5649	42	38.64	7.00%
6991	36	37.00	2.08%
4330	36	42.86	14.29%
5663	48	38.57	19.64%
4333	36	36.47	.98%
6987	66	41.17	51.74%
5659	36	37.88	3.92%
6989	36	36.00	.00%
3006	36	38.74	5.71%
3004	36	38.96	6.16%
5665	36	37.66	3.46%
5666	36	37.08	2.26%
6999	42	37.50	9.38%
5668	36	37.09	2.27%
4338	36	37.37	2.86%
4339	39	38.08	1.92%
5682	46	38.11	16.44%
5683	36	37.12	2.33%
4353	36	38.86	5.95%
5684	42	37.22	9.95%
3023	36	37.52	3.16%
3022	36	37.64	3.42%
3020	36	36.55	1.14%
3015	36	38.83	5.89%
4345	36	37.18	2.46%
5693	36	37.82	3.80%
5695	57	41.50	32.29%
3029	42	39.57	5.06%
4356	36	38.73	5.68%
5689	48	38.25	20.31%
4376	36	38.00	4.17%
3038	51	37.96	27.17%
4367	36	37.60	3.33%
3056	42	42.46	.96%
4379	36	38.06	4.29%
4395	60	39.17	43.39%
3077	36	39.00	6.25%
13008	42	39.04	6.18%
13009	42	37.47	9.44%
3093	36	37.79	3.73%
13011	36	37.70	3.53%
3095	36	37.80	3.75%
9211	36	38.24	4.66%
9214	36	37.67	3.47%
9228	36	36.67	1.40%
10828	36	38.62	5.47%
13065	36	36.75	1.56%
9241	36	37.51	3.14%
13070	42	38.77	6.73%
9261	36	38.29	4.76%
13025	36	37.81	3.78%
13034	48	37.20	22.50%
13035	36	37.50	3.12%
5700	36	38.03	4.23%
5702	36	37.29	2.69%
5705	36	36.73	1.52%
5717	36	36.76	1.58%
5718	36	37.06	2.21%
10999	36	38.18	4.55%
10990	36	39.85	8.03%
5725	42	38.74	6.79%
4410	36	38.31	4.81%
5741	48	39.65	17.40%
5739	36	38.56	5.33%
10976	36	36.50	1.04%
10972	36	37.09	2.27%
4421	36	38.53	5.27%
5752	48	38.79	19.19%
4419	36	38.73	5.68%
10987	42	39.67	4.86%
4432	36	39.00	6.25%
5753	36	46.29	21.43%
4425	36	37.18	2.46%
4428	36	38.30	4.79%
10951	54	42.78	23.38%
5771	36	37.63	3.40%
10968	48	38.66	19.45%
5765	36	41.50	11.46%
5767	39	37.82	2.46%
10960	36	36.89	1.85%
3118	48	39.77	17.14%
3134	42	38.75	6.77%
5787	48	38.57	19.64%
4472	36	39.64	7.58%
3139	36	37.34	2.80%
3138	78	46.69	65.23%
4486	36	36.60	1.25%
4487	36	46.24	21.33%
3156	54	38.71	31.85%
3146	50	38.28	24.41%
4493	36	38.67	5.56%
4494	36	37.42	2.96%
4496	36	37.40	2.93%
4497	42	38.56	7.17%
3163	36	37.94	4.05%
4490	36	36.00	.00%
3176	36	38.73	5.68%
3168	48	38.46	19.87%
3181	56	40.50	32.29%
3194	48	40.24	16.18%
13125	36	37.20	2.50%
13138	36	39.49	7.28%
13111	36	36.16	.34%
13115	36	37.94	4.05%
9305	36	38.38	4.96%
9315	36	41.06	10.53%
9317	36	46.67	22.22%
8010	36	38.31	4.80%
9341	36	36.91	1.90%
8009	36	37.90	3.96%
8024	36	37.93	4.02%
8026	36	38.41	5.03%
10939	36	36.00	.00%
9350	36	37.95	4.05%
10942	42	38.67	6.94%
10945	60	39.26	43.21%
10944	48	38.76	19.26%
10948	36	38.59	5.40%
10941	36	36.00	.00%
8039	36	38.46	5.13%
9368	36	39.27	6.82%
13180	36	38.49	5.18%
8047	78	39.01	81.23%
9374	36	37.74	3.62%
8041	36	36.86	1.79%
13161	36	41.15	10.74%
9386	63	37.43	53.26%
9380	36	39.00	6.25%
8067	36	36.00	.00%
9398	48	38.67	19.44%
13174	36	38.55	5.30%
9395	42	38.36	7.58%
8062	36	39.00	6.25%
13178	36	38.68	5.59%
13142	36	38.78	5.79%
8072	60	38.80	44.17%
8070	36	36.98	2.03%
13150	36	45.20	19.17%
13153	36	37.62	3.38%
8084	36	38.04	4.26%
8096	48	39.50	17.71%
4504	36	41.80	12.08%
4506	36	38.87	5.99%
5841	36	36.00	.00%
5846	36	36.00	.00%
5847	36	38.87	5.99%
5848	36	36.20	.42%
4521	36	37.55	3.23%
5855	36	36.22	.45%
4525	36	39.88	8.08%
5856	51	38.14	26.79%
5873	48	37.74	21.37%
3210	53	42.94	20.95%
3201	36	38.94	6.13%
4536	36	36.00	.00%
5868	36	39.06	6.37%
5883	36	36.00	.00%
3214	36	38.00	4.17%
3212	42	42.55	1.14%
4544	36	37.77	3.69%
5875	36	38.25	4.69%
4548	36	37.12	2.34%
3233	36	41.20	10.83%
3229	36	40.93	10.27%
3225	36	38.06	4.30%
3223	36	37.20	2.50%
4556	36	37.55	3.22%
5888	36	37.64	3.42%
5889	36	38.85	5.94%
4570	36	37.16	2.41%
4573	36	39.00	6.25%
3244	36	36.00	.00%
3243	36	37.76	3.67%
3241	36	37.06	2.20%
3236	36	36.80	1.67%
3234	36	40.00	8.33%
4584	72	37.24	72.41%
4585	36	37.75	3.65%
3246	36	38.67	5.56%
4593	36	39.00	6.25%
4595	42	38.46	7.37%
4596	36	36.00	.00%
3261	44	38.12	12.24%
3260	36	36.77	1.61%
3259	36	39.02	6.30%
3276	36	38.14	4.46%
3274	36	36.33	.69%
3267	36	37.11	2.31%
4599	60	38.51	44.78%
3279	36	38.17	4.53%
13259	36	39.88	8.09%
9400	36	38.40	5.00%
9410	36	38.16	4.49%
13231	36	38.30	4.79%
9422	36	37.00	2.08%
9420	36	37.50	3.12%
9418	36	40.36	9.09%
13202	36	36.93	1.94%
13205	36	37.98	4.12%
8102	36	38.36	4.92%
9428	36	39.50	7.29%
8113	39	42.56	7.42%
8116	36	40.00	8.33%
9454	36	36.51	1.06%
9455	36	38.44	5.09%
9458	36	37.67	3.49%
9459	36	37.13	2.36%
9457	36	37.96	4.08%
8134	42	38.85	6.56%
9465	36	36.71	1.47%
9463	46	38.29	16.07%
8139	44	38.70	11.03%
8157	36	37.95	4.07%
8154	36	39.38	7.03%
9489	36	39.06	6.38%
8159	54	38.89	31.48%
8165	36	38.45	5.11%
8169	36	37.84	3.82%
9493	36	36.00	.00%
13280	36	40.29	8.95%
8171	36	37.53	3.19%
13289	36	36.00	.00%
13260	72	39.21	68.31%
13263	36	38.74	5.72%
8191	36	38.32	4.84%
8194	36	36.00	.00%
5916	42	39.99	4.19%
13269	48	42.00	12.50%
5910	36	41.45	11.36%
13267	36	39.60	7.50%
5911	36	38.52	5.25%
13271	36	37.67	3.47%
13277	36	37.88	3.91%
5923	54	40.15	28.85%
4606	36	37.27	2.65%
4604	36	38.50	5.21%
4613	36	37.62	3.39%
4615	36	36.00	.00%
4616	46	40.30	11.88%
4628	36	38.40	5.00%
4641	36	37.30	2.71%
3307	38	41.78	7.88%
3306	36	36.00	.00%
3305	36	37.71	3.57%
3300	36	37.80	3.75%
5964	36	36.00	.00%
5965	36	38.95	6.15%
5973	36	36.37	.77%
5975	36	36.37	.77%
5978	36	37.20	2.50%
2001	36	36.86	1.79%
3332	36	37.42	2.96%
3331	60	40.84	39.92%
3322	36	38.21	4.60%
5989	36	37.50	3.12%
2011	36	38.79	5.80%
2006	36	36.17	.35%
3335	36	39.47	7.24%
3333	54	38.39	32.53%
4669	36	39.07	6.39%
4680	48	38.17	20.48%
4684	36	36.92	1.92%
4685	36	40.22	8.80%
2023	58	41.50	34.38%
3352	36	36.25	.52%
2014	36	38.00	4.17%
3365	39	36.15	5.94%
2033	60	38.80	44.17%
2024	39	41.14	4.46%
3371	36	37.71	3.57%
3369	51	40.33	22.22%
3385	42	38.16	7.99%
2050	36	38.00	4.17%
3378	36	37.83	3.81%
3398	36	38.36	4.92%
2065	36	36.69	1.43%
3395	65	38.37	55.48%
2063	36	38.16	4.51%
2062	60	39.88	41.91%
3393	36	37.85	3.85%
3389	36	37.76	3.67%
2057	36	36.00	.00%
2070	36	36.87	1.81%
2081	36	37.20	2.50%
2084	36	36.33	.69%
2090	54	39.26	30.70%
12039	42	38.61	7.07%
12048	36	37.62	3.37%
9505	36	36.81	1.69%
9525	36	37.67	3.49%
9518	36	38.09	4.36%
8215	36	36.00	.00%
8208	36	38.00	4.17%
13324	36	38.18	4.55%
13327	36	38.27	4.73%
9548	36	38.25	4.69%
12008	60	40.56	40.49%
8234	36	37.71	3.57%
9568	36	36.38	.78%
9569	36	38.00	4.17%
9560	48	38.00	20.83%
13308	36	38.71	5.65%
8244	66	38.91	56.44%
9576	36	37.66	3.45%
9579	36	37.27	2.65%
8239	36	37.67	3.49%
13315	36	38.54	5.29%
8255	36	36.50	1.04%
9599	36	37.68	3.50%
8269	36	36.00	.00%
9594	36	36.58	1.20%
8260	36	36.64	1.34%
9591	36	36.60	1.25%
8277	36	36.40	.84%
8270	36	36.00	.00%
8274	48	39.25	18.24%
8271	36	37.60	3.34%
8299	36	38.88	6.00%
12072	48	41.57	13.39%
12075	36	36.75	1.56%
12074	36	36.67	1.39%
8293	36	38.50	5.21%
12088	36	36.72	1.51%
12080	36	40.12	8.58%
4709	36	39.05	6.36%
4704	36	38.91	6.07%
12061	36	36.50	1.04%
12065	36	37.21	2.53%
12069	48	37.44	22.00%
4727	36	40.70	9.79%
3400	36	38.64	5.51%
4737	36	38.38	4.96%
4750	52	42.12	20.57%
3420	36	37.17	2.44%
3415	36	39.59	7.47%
3410	36	36.00	.00%
4742	36	37.72	3.59%
4743	36	38.50	5.21%
3419	36	36.59	1.22%
4747	36	36.98	2.03%
3418	36	36.19	.39%
4748	36	37.21	2.52%
3431	54	39.41	30.39%
3428	36	38.67	5.57%
3424	36	37.56	3.24%
3421	36	37.79	3.74%
4753	36	38.44	5.09%
4771	36	38.25	4.69%
4772	72	48.00	50.00%
3441	36	36.32	.66%
3439	36	38.27	4.73%
3437	36	45.87	20.56%
3436	60	39.94	41.80%
3435	36	37.91	3.98%
3433	36	36.57	1.18%
3432	48	38.49	19.82%
4763	36	37.90	3.95%
4764	42	39.86	4.46%
4765	36	38.00	4.17%
3451	36	38.87	5.99%
2119	36	39.04	6.34%
4777	36	42.55	13.64%
4778	36	39.00	6.25%
3464	36	41.17	10.76%
2131	48	39.19	18.35%
3462	36	37.99	4.14%
2130	36	37.63	3.40%
3458	40	39.16	1.75%
4788	36	36.27	.57%
2144	36	36.86	1.79%
3465	36	38.44	5.09%
2155	36	37.75	3.64%
3477	36	39.86	8.04%
2164	36	36.00	.00%
3491	36	37.84	3.84%
2158	36	36.00	.00%
2156	36	37.88	3.92%
12206	36	37.25	2.60%
12205	36	36.00	.00%
2180	36	37.90	3.96%
2192	36	36.00	.00%
9611	36	41.20	10.83%
9605	36	38.59	5.40%
9606	36	38.05	4.27%
9603	36	39.80	7.91%
12154	36	37.33	2.78%
12159	36	37.64	3.41%
8300	36	37.93	4.02%
12162	36	38.17	4.53%
9632	81	43.12	78.91%
9625	36	37.00	2.08%
8315	36	38.87	5.99%
8312	36	37.83	3.80%
12132	36	36.90	1.87%
12131	36	39.00	6.25%
12133	36	36.22	.45%
12136	36	36.66	1.38%
9651	44	41.69	4.81%
8326	36	38.70	5.63%
12143	36	39.74	7.79%
12142	36	38.23	4.65%
9649	48	46.76	2.59%
7001	36	40.50	9.38%
8335	36	36.48	1.00%
12112	38	37.64	.76%
12116	42	38.22	7.87%
9675	36	37.32	2.75%
7013	36	36.60	1.26%
7014	50	38.50	23.96%
7017	36	36.74	1.54%
9671	36	37.79	3.73%
9669	60	40.50	40.62%
7021	36	36.54	1.12%
7024	36	39.88	8.07%
7023	36	37.83	3.81%
9684	36	36.00	.00%
7026	36	39.97	8.28%
8356	36	36.86	1.79%
8349	36	42.67	13.89%
7037	36	37.08	2.24%
8377	36	41.23	10.89%
8385	36	38.00	4.17%
8383	42	39.51	5.18%
8398	36	38.45	5.11%
8397	36	38.12	4.41%
7069	36	38.71	5.65%
7071	48	38.77	19.23%
12193	36	36.00	.00%
12198	36	39.00	6.25%
7080	48	40.44	15.74%
7082	36	37.52	3.17%
7083	48	38.67	19.44%
7086	36	36.75	1.56%
7085	42	37.82	8.71%
4802	57	42.31	30.61%
4812	36	38.70	5.63%
12174	78	47.36	63.84%
4826	36	37.57	3.27%
12182	42	40.00	4.17%
3502	60	39.11	43.52%
4830	36	36.00	.00%
12188	36	37.50	3.12%
3516	66	42.08	49.83%
3513	36	38.92	6.09%
3527	39	36.43	5.36%
4864	36	36.75	1.56%
3547	48	41.33	13.89%
2215	36	41.10	10.63%
2214	36	38.32	4.83%
4878	42	39.16	5.91%
3560	36	39.13	6.52%
2228	36	36.00	.00%
3556	42	37.57	9.23%
3573	36	42.35	13.24%
2241	36	38.62	5.47%
3568	36	38.50	5.21%
2234	36	38.67	5.56%
3593	36	41.08	10.58%
3591	70	40.14	62.20%
3589	36	38.40	5.00%
2255	36	37.70	3.55%
2266	48	40.41	15.82%
12310	36	38.29	4.76%
2283	36	37.53	3.18%
2279	36	38.87	5.97%
2277	36	37.40	2.92%
2299	42	39.87	4.45%
9710	42	39.72	4.76%
9704	36	37.50	3.12%
9706	39	38.24	1.59%
8402	36	38.06	4.28%
101	36	36.00	.00%
8410	36	40.88	10.16%
114	43	39.51	7.28%
12276	36	39.51	7.32%
12282	48	38.07	20.69%
12281	48	37.09	22.73%
120	36	38.51	5.23%
8436	42	40.92	2.24%
8434	36	39.56	7.41%
9765	60	38.15	45.52%
12252	39	39.20	.43%
137	36	36.00	.00%
12255	36	36.55	1.14%
12257	36	38.78	5.80%
7110	36	40.18	8.70%
7112	36	37.88	3.91%
9771	39	38.57	.89%
7113	36	37.58	3.29%
142	36	42.00	12.50%
7107	48	38.45	19.89%
7106	54	38.54	32.20%
12265	48	37.47	21.95%
12268	36	38.29	4.77%
8453	42	38.13	8.07%
7120	36	45.93	20.69%
9782	45	38.14	14.30%
7125	42	38.94	6.37%
8457	36	36.00	.00%
9787	36	37.77	3.68%
8450	36	38.72	5.67%
153	36	38.13	4.44%
7118	36	40.27	8.90%
7119	36	38.80	5.83%
7134	36	39.39	7.06%
7133	54	38.15	33.02%
7136	36	37.67	3.47%
8469	60	38.72	44.33%
160	36	43.21	15.02%
9792	36	44.70	18.13%
7130	36	36.21	.45%
166	36	39.67	7.64%
7128	36	37.29	2.68%
8459	36	37.61	3.36%
7142	72	41.79	62.94%
7145	60	42.47	36.52%
8474	36	46.29	21.43%
173	36	37.00	2.08%
12218	36	37.72	3.59%
183	36	37.64	3.42%
8480	36	39.29	6.85%
7151	36	37.51	3.14%
7176	36	37.62	3.37%
7170	36	38.26	4.70%
7186	70	42.57	57.14%
7189	36	39.49	7.27%
4900	36	41.08	10.58%
4901	36	46.59	22.07%
7197	36	36.87	1.82%
4916	36	37.79	3.72%
4917	48	38.66	19.45%
4919	36	38.83	5.89%
4938	36	39.00	6.25%
4930	36	36.36	.74%
4931	36	37.95	4.07%
4935	36	37.64	3.41%
4947	36	37.91	3.99%
3614	36	36.00	.00%
4949	36	38.93	6.10%
4940	36	36.00	.00%
4942	36	37.17	2.44%
4943	36	38.18	4.54%
4958	36	37.64	3.41%
3622	36	37.80	3.75%
4955	36	37.39	2.89%
4956	36	38.46	5.12%
