10140	146	146.00	.00%	10140 
10629	161	161.00	.00%	10629 
11216	120	120.00	.00%	11216 
11344	144	144.00	.00%	11344 
11743	120	120.00	.00%	11743 
12021	120	120.00	.00%	12021 
12047	120	120.00	.00%	12047 
12056	132	132.00	.00%	12056 
1276	120	120.00	.00%	1276 
13027	144	144.00	.00%	13027 
13051	132	132.00	.00%	13051 
16360	120	120.00	.00%	16360 
20376	162	162.00	.00%	20376 6324 
20562	144	144.00	.00%	20562 
20623	132	132.00	.00%	20623 
23424	120	120.00	.00%	23424 
23889	124	124.00	.00%	23889 
23928	132	132.00	.00%	23928 
23947	144	144.00	.00%	23947 
23972	120	120.00	.00%	23972 
24341	144	144.00	.00%	24341 
25636	138	138.00	.00%	25636 
26910	120	120.00	.00%	26910 
27455	120	120.00	.00%	27455 
28244	144	144.00	.00%	28244 
2825	156	156.00	.00%	2825 
28281	122	122.00	.00%	28281 
2942	120	120.00	.00%	2942 5170 
29632	156	156.00	.00%	29632 
3056	120	120.00	.00%	3056 
3109	174	174.00	.00%	3109 
3141	156	156.00	.00%	3141 
32390	132	132.00	.00%	32390 
33259	144	144.00	.00%	33259 
33296	120	120.00	.00%	33296 
33567	144	144.00	.00%	33567 
34996	126	126.00	.00%	34996 
36754	156	156.00	.00%	36754 
37991	168	168.00	.00%	37991 
38478	120	120.00	.00%	38478 9123 
38549	156	156.00	.00%	38549 
3972	120	120.00	.00%	3972 
4081	156	156.00	.00%	4081 
40888	144	144.00	.00%	40888 
41226	120	120.00	.00%	41226 
42316	120	120.00	.00%	42316 
45211	144	144.00	.00%	45211 
45956	144	144.00	.00%	45956 
46900	156	156.00	.00%	46900 
47304	144	144.00	.00%	47304 
47931	156	156.00	.00%	47931 
48449	140	140.00	.00%	48449 
48591	132	132.00	.00%	48591 
49852	156	156.00	.00%	49852 2825 
5172	138	138.00	.00%	5172 4587 24319 
6324	162	162.00	.00%	6324 20376 
7056	132	132.00	.00%	7056 
7058	132	132.00	.00%	7058 
711	122	122.00	.00%	711 
7617	126	126.00	.00%	7617 
7702	120	120.00	.00%	7702 
7711	120	120.00	.00%	7711 
7952	147	147.00	.00%	7952 
8820	138	138.00	.00%	8820 
9123	120	120.00	.00%	9123 38478 
9317	144	144.00	.00%	9317 
9810	144	144.00	.00%	9810 
9877	120	120.00	.00%	9877 
21793	150	150.50	.83%	21793 3070 24168 8820 
24518	126	125.50	.83%	24518 27353 
34850	126	125.50	.83%	34850 23807 
2920	120	121.00	1.67%	2920 28281 
15323	144	145.33	2.22%	15323 23822 48022 
1961	120	121.50	2.50%	1961 45957 
27655	140	141.50	2.50%	27655 25897 18581 23822 
3053	120	122.00	3.33%	3053 3056 34850 
45957	123	125.00	3.33%	45957 1961 22658 
2648	135	132.67	3.89%	2648 31820 23807 
22482	132	134.50	4.17%	22482 23889 27022 4622 
24319	144	141.00	5.00%	24319 5172 
24527	126	123.00	5.00%	24527 2942 
27022	126	129.00	5.00%	27022 5172 25710 22482 
31518	144	141.00	5.00%	31518 8820 
41167	132	135.00	5.00%	41167 8820 
4468	132	135.00	5.00%	4468 31820 
4587	132	135.00	5.00%	4587 5172 
5170	120	123.00	5.00%	5170 2942 13051 3056 
9080	120	123.00	5.00%	9080 2321 
5665	138	134.67	5.56%	5665 27655 18581 
20214	132	128.50	5.83%	20214 27353 
27353	125	128.50	5.83%	27353 20214 
29440	132	136.00	6.67%	29440 48449 
31820	138	134.00	6.67%	31820 13027 38478 
22658	132	127.50	7.50%	22658 45957 
24178	126	130.67	7.78%	24178 49911 48578 
37401	138	143.00	8.33%	37401 28975 
23822	132	137.20	8.67%	23822 48323 27655 18581 25897 
1174	134	128.50	9.17%	1174 3583 
3583	123	128.50	9.17%	3583 1174 
48323	120	126.00	10.00%	48323 23822 
4883	150	144.00	10.00%	4883 5665 
49911	128	134.00	10.00%	49911 48578 24178 13027 
5760	144	138.00	10.00%	5760 7077 
7077	132	138.00	10.00%	7077 5760 
9811	144	138.00	10.00%	9811 5072 
9498	144	137.50	10.83%	9498 8820 9123 24168 
21270	120	127.00	11.67%	21270 8820 27353 23807 
48578	138	130.67	12.22%	48578 49911 24178 
26307	159	151.50	12.50%	26307 9810 
28069	120	128.00	13.33%	28069 11743 9317 
3070	166	158.00	13.33%	3070 21793 
44324	132	140.00	13.33%	44324 48022 24168 26910 
24013	147	138.00	15.00%	24013 25112 16360 
25112	147	138.00	15.00%	25112 24013 16360 
26839	150	140.67	15.56%	26839 27655 44324 
16440	123	133.50	17.50%	16440 9810 
2321	126	136.50	17.50%	2321 7952 
4622	156	145.00	18.33%	4622 1174 
7956	157	145.50	19.17%	7956 1174 
10942	144	156.00	20.00%	10942 20376 6324 
26249	144	132.00	20.00%	26249 48323 
30844	168	156.00	20.00%	30844 47304 
28975	148	135.33	21.11%	28975 37401 44740 
17625	129	142.00	21.67%	17625 23911 16440 
23807	125	138.50	22.50%	23807 2648 34850 25897 
48619	144	130.00	23.33%	48619 34850 9123 
24168	148	133.33	24.44%	24168 44324 26910 
48022	160	144.75	25.42%	48022 44324 34850 10629 
44740	120	135.33	25.56%	44740 28975 37401 
18581	126	141.50	25.83%	18581 25897 27655 23822 
5072	132	148.00	26.67%	5072 1174 25897 20376 9811 
23911	174	154.50	32.50%	23911 31820 20376 9317 
15116	120	140.50	34.17%	15116 10629 
25710	120	144.00	40.00%	25710 46916 
46916	168	144.00	40.00%	46916 25710 
8821	174	150.00	40.00%	8821 20623 33567 
25897	168	141.50	44.17%	25897 27655 18581 23822 
